Name ABO3
Dim 3
Spin 0
SGN 221
Nbr 1
LatVecSG
 1.00000000     0.00000000     0.00000000
 0.00000000     1.00000000     0.00000000
 0.00000000     0.00000000     1.00000000
LatVec
 1.00000000     0.00000000     0.00000000
 0.00000000     1.00000000     0.00000000
 0.00000000     0.00000000     1.00000000
AtTpNum 3
Bases
A 1 s
B 1 s
O 3 s
AtomSite
 0.00000000     0.00000000     0.00000000
 0.50000000     0.50000000     0.50000000
 0.00000000     0.50000000     0.50000000
 0.50000000     0.00000000     0.50000000
 0.50000000     0.50000000     0.00000000