###HoppingTerms###

0 0 0 0 0 78 78 
0 0 0 0 0 78 81 
0 0 0 0 0 81 78 
0 0 0 0 0 81 81 

0 0 0 1 1 79 79 
0 0 0 1 1 79 80 
0 0 0 1 1 80 79 
0 0 0 1 1 80 80 

-1 0 0 0 1 78 79 
-1 0 0 0 1 78 80 
-1 0 0 0 1 81 79 
-1 0 0 0 1 81 80 
0 0 0 0 1 78 79 
0 0 0 0 1 78 80 
0 0 0 0 1 81 79 
0 0 0 0 1 81 80 
0 1 0 0 1 78 79 
0 1 0 0 1 78 80 
0 1 0 0 1 81 79 
0 1 0 0 1 81 80 
0 -1 0 1 0 79 78 
0 -1 0 1 0 79 81 
0 -1 0 1 0 80 78 
0 -1 0 1 0 80 81 
0 0 0 1 0 79 78 
0 0 0 1 0 79 81 
0 0 0 1 0 80 78 
0 0 0 1 0 80 81 
1 0 0 1 0 79 78 
1 0 0 1 0 79 81 
1 0 0 1 0 80 78 
1 0 0 1 0 80 81 

-1 -1 0 0 0 78 78 
-1 -1 0 0 0 78 81 
-1 -1 0 0 0 81 78 
-1 -1 0 0 0 81 81 
-1 0 0 0 0 78 78 
-1 0 0 0 0 78 81 
-1 0 0 0 0 81 78 
-1 0 0 0 0 81 81 
0 -1 0 0 0 78 78 
0 -1 0 0 0 78 81 
0 -1 0 0 0 81 78 
0 -1 0 0 0 81 81 
0 1 0 0 0 78 78 
0 1 0 0 0 78 81 
0 1 0 0 0 81 78 
0 1 0 0 0 81 81 
1 0 0 0 0 78 78 
1 0 0 0 0 78 81 
1 0 0 0 0 81 78 
1 0 0 0 0 81 81 
1 1 0 0 0 78 78 
1 1 0 0 0 78 81 
1 1 0 0 0 81 78 
1 1 0 0 0 81 81 

-1 -1 0 1 1 79 79 
-1 -1 0 1 1 79 80 
-1 -1 0 1 1 80 79 
-1 -1 0 1 1 80 80 
-1 0 0 1 1 79 79 
-1 0 0 1 1 79 80 
-1 0 0 1 1 80 79 
-1 0 0 1 1 80 80 
0 -1 0 1 1 79 79 
0 -1 0 1 1 79 80 
0 -1 0 1 1 80 79 
0 -1 0 1 1 80 80 
0 1 0 1 1 79 79 
0 1 0 1 1 79 80 
0 1 0 1 1 80 79 
0 1 0 1 1 80 80 
1 0 0 1 1 79 79 
1 0 0 1 1 79 80 
1 0 0 1 1 80 79 
1 0 0 1 1 80 80 
1 1 0 1 1 79 79 
1 1 0 1 1 79 80 
1 1 0 1 1 80 79 
1 1 0 1 1 80 80 

-1 -1 0 1 0 79 78 
-1 -1 0 1 0 79 81 
-1 -1 0 1 0 80 78 
-1 -1 0 1 0 80 81 
1 -1 0 1 0 79 78 
1 -1 0 1 0 79 81 
1 -1 0 1 0 80 78 
1 -1 0 1 0 80 81 
1 1 0 1 0 79 78 
1 1 0 1 0 79 81 
1 1 0 1 0 80 78 
1 1 0 1 0 80 81 
-1 -1 0 0 1 78 79 
-1 -1 0 0 1 78 80 
-1 -1 0 0 1 81 79 
-1 -1 0 0 1 81 80 
-1 1 0 0 1 78 79 
-1 1 0 0 1 78 80 
-1 1 0 0 1 81 79 
-1 1 0 0 1 81 80 
1 1 0 0 1 78 79 
1 1 0 0 1 78 80 
1 1 0 0 1 81 79 
1 1 0 0 1 81 80 

###HoppingRelations###

[ 0 3 ]
[ 1 2 ]



[ 3 ]
[ 0 1 2 ]
3 1.000000 



[ 22 ]
[ 0 1 2 3 4 5 6 7 8 9 10 11 12 13 14 15 16 17 18 19 20 21 23 ]
22 -1.732051 
22 1.000000 



22 -2.000000 


22 1.732051 
22 1.000000 


22 1.732051 

22 1.000000 



22 -2.000000 

22 -1.732051 



[ 20 23 ]
[ 0 1 2 3 4 5 6 7 8 9 10 11 12 13 14 15 16 17 18 19 21 22 ]
20 1.000000 


23 1.000000 
20 1.000000 


23 1.000000 
20 1.000000 


23 1.000000 
20 1.000000 


23 1.000000 
20 1.000000 


23 1.000000 



[ 20 22 23 ]
[ 0 1 2 3 4 5 6 7 8 9 10 11 12 13 14 15 16 17 18 19 21 ]
20 1.000000 
22 1.000000 
22 -1.000000 
23 1.000000 
20 0.250000 23 0.750000 
20 -0.433013 22 -1.000000 23 0.433013 
20 -0.433013 22 1.000000 23 0.433013 
20 0.750000 23 0.250000 
20 0.250000 23 0.750000 
20 0.433013 22 -1.000000 23 -0.433013 
20 0.433013 22 1.000000 23 -0.433013 
20 0.750000 23 0.250000 
20 0.250000 23 0.750000 
20 0.433013 22 1.000000 23 -0.433013 
20 0.433013 22 -1.000000 23 -0.433013 
20 0.750000 23 0.250000 
20 0.250000 23 0.750000 
20 -0.433013 22 1.000000 23 0.433013 
20 -0.433013 22 -1.000000 23 0.433013 
20 0.750000 23 0.250000 
22 -1.000000 

[ 21 ]
[ 0 1 2 3 4 5 6 7 8 9 10 11 12 13 14 15 16 17 18 19 20 22 23 ]
21 -1.732051 

21 1.000000 



21 -2.000000 

21 1.732051 

21 1.000000 

21 1.732051 
21 1.000000 



21 -2.000000 


21 -1.732051 



