_1_ 1
1 0 0 0 0 1 0 0 0 0 1 0
_2_ 2
1 0 0 0 0 1 0 0 0 0 1 0
-1 0 0 0 0 -1 0 0 0 0 -1 0
_3_ 2
1 0 0 0 0 1 0 0 0 0 1 0
-1 0 0 0 0 1 0 0 0 0 -1 0
_4_ 2
1 0 0 0 0 1 0 0 0 0 1 0
-1 0 0 0 0 1 0 1/2 0 0 -1 0
_5_ 3
1 0 0 0 0 1 0 0 0 0 1 0
-1 0 0 0 0 1 0 0 0 0 -1 0
1 0 0 1/2 0 1 0 1/2 0 0 1 0
_6_ 2
1 0 0 0 0 1 0 0 0 0 1 0
1 0 0 0 0 -1 0 0 0 0 1 0
_7_ 2
1 0 0 0 0 1 0 0 0 0 1 0
1 0 0 0 0 -1 0 0 0 0 1 1/2
_8_ 3
1 0 0 0 0 1 0 0 0 0 1 0
1 0 0 0 0 -1 0 0 0 0 1 0
1 0 0 1/2 0 1 0 1/2 0 0 1 0
_9_ 3
1 0 0 0 0 1 0 0 0 0 1 0
1 0 0 0 0 -1 0 0 0 0 1 1/2
1 0 0 1/2 0 1 0 1/2 0 0 1 0
_10_ 3
1 0 0 0 0 1 0 0 0 0 1 0
-1 0 0 0 0 1 0 0 0 0 -1 0
-1 0 0 0 0 -1 0 0 0 0 -1 0
_11_ 3
1 0 0 0 0 1 0 0 0 0 1 0
-1 0 0 0 0 1 0 1/2 0 0 -1 0
-1 0 0 0 0 -1 0 0 0 0 -1 0
_12_ 4
1 0 0 0 0 1 0 0 0 0 1 0
-1 0 0 0 0 1 0 0 0 0 -1 0
-1 0 0 0 0 -1 0 0 0 0 -1 0
1 0 0 1/2 0 1 0 1/2 0 0 1 0
_13_ 3
1 0 0 0 0 1 0 0 0 0 1 0
-1 0 0 0 0 1 0 0 0 0 -1 1/2
-1 0 0 0 0 -1 0 0 0 0 -1 0
_14_ 3
1 0 0 0 0 1 0 0 0 0 1 0
-1 0 0 0 0 1 0 1/2 0 0 -1 1/2
-1 0 0 0 0 -1 0 0 0 0 -1 0
_15_ 4
1 0 0 0 0 1 0 0 0 0 1 0
-1 0 0 0 0 1 0 0 0 0 -1 1/2
-1 0 0 0 0 -1 0 0 0 0 -1 0
1 0 0 1/2 0 1 0 1/2 0 0 1 0
_16_ 3
1 0 0 0 0 1 0 0 0 0 1 0
-1 0 0 0 0 -1 0 0 0 0 1 0
-1 0 0 0 0 1 0 0 0 0 -1 0
_17_ 3
1 0 0 0 0 1 0 0 0 0 1 0
-1 0 0 0 0 -1 0 0 0 0 1 1/2
-1 0 0 0 0 1 0 0 0 0 -1 1/2
_18_ 3
1 0 0 0 0 1 0 0 0 0 1 0
-1 0 0 0 0 -1 0 0 0 0 1 0
-1 0 0 1/2 0 1 0 1/2 0 0 -1 0
_19_ 3
1 0 0 0 0 1 0 0 0 0 1 0
-1 0 0 1/2 0 -1 0 0 0 0 1 1/2
-1 0 0 0 0 1 0 1/2 0 0 -1 1/2
_20_ 4
1 0 0 0 0 1 0 0 0 0 1 0
-1 0 0 0 0 -1 0 0 0 0 1 1/2
-1 0 0 0 0 1 0 0 0 0 -1 1/2
1 0 0 1/2 0 1 0 1/2 0 0 1 0
_21_ 4
1 0 0 0 0 1 0 0 0 0 1 0
-1 0 0 0 0 -1 0 0 0 0 1 0
-1 0 0 0 0 1 0 0 0 0 -1 0
1 0 0 1/2 0 1 0 1/2 0 0 1 0
_22_ 5
1 0 0 0 0 1 0 0 0 0 1 0
-1 0 0 0 0 -1 0 0 0 0 1 0
-1 0 0 0 0 1 0 0 0 0 -1 0
1 0 0 0 0 1 0 1/2 0 0 1 1/2
1 0 0 1/2 0 1 0 0 0 0 1 1/2
_23_ 4
1 0 0 0 0 1 0 0 0 0 1 0
-1 0 0 0 0 -1 0 0 0 0 1 0
-1 0 0 0 0 1 0 0 0 0 -1 0
1 0 0 1/2 0 1 0 1/2 0 0 1 1/2
_24_ 4
1 0 0 0 0 1 0 0 0 0 1 0
-1 0 0 1/2 0 -1 0 0 0 0 1 1/2
-1 0 0 0 0 1 0 1/2 0 0 -1 1/2
1 0 0 1/2 0 1 0 1/2 0 0 1 1/2
_25_ 3
1 0 0 0 0 1 0 0 0 0 1 0
-1 0 0 0 0 -1 0 0 0 0 1 0
1 0 0 0 0 -1 0 0 0 0 1 0
_26_ 3
1 0 0 0 0 1 0 0 0 0 1 0
-1 0 0 0 0 -1 0 0 0 0 1 1/2
1 0 0 0 0 -1 0 0 0 0 1 1/2
_27_ 3
1 0 0 0 0 1 0 0 0 0 1 0
-1 0 0 0 0 -1 0 0 0 0 1 0
1 0 0 0 0 -1 0 0 0 0 1 1/2
_28_ 3
1 0 0 0 0 1 0 0 0 0 1 0
-1 0 0 0 0 -1 0 0 0 0 1 0
1 0 0 1/2 0 -1 0 0 0 0 1 0
_29_ 3
1 0 0 0 0 1 0 0 0 0 1 0
-1 0 0 0 0 -1 0 0 0 0 1 1/2
1 0 0 1/2 0 -1 0 0 0 0 1 0
_30_ 3
1 0 0 0 0 1 0 0 0 0 1 0
-1 0 0 0 0 -1 0 0 0 0 1 0
1 0 0 0 0 -1 0 1/2 0 0 1 1/2
_31_ 3
1 0 0 0 0 1 0 0 0 0 1 0
-1 0 0 1/2 0 -1 0 0 0 0 1 1/2
1 0 0 1/2 0 -1 0 0 0 0 1 1/2
_32_ 3
1 0 0 0 0 1 0 0 0 0 1 0
-1 0 0 0 0 -1 0 0 0 0 1 0
1 0 0 1/2 0 -1 0 1/2 0 0 1 0
_33_ 3
1 0 0 0 0 1 0 0 0 0 1 0
-1 0 0 0 0 -1 0 0 0 0 1 1/2
1 0 0 1/2 0 -1 0 1/2 0 0 1 0
_34_ 3
1 0 0 0 0 1 0 0 0 0 1 0
-1 0 0 0 0 -1 0 0 0 0 1 0
1 0 0 1/2 0 -1 0 1/2 0 0 1 1/2
_35_ 4
1 0 0 0 0 1 0 0 0 0 1 0
-1 0 0 0 0 -1 0 0 0 0 1 0
1 0 0 0 0 -1 0 0 0 0 1 0
1 0 0 1/2 0 1 0 1/2 0 0 1 0
_36_ 4
1 0 0 0 0 1 0 0 0 0 1 0
-1 0 0 0 0 -1 0 0 0 0 1 1/2
1 0 0 0 0 -1 0 0 0 0 1 1/2
1 0 0 1/2 0 1 0 1/2 0 0 1 0
_37_ 4
1 0 0 0 0 1 0 0 0 0 1 0
-1 0 0 0 0 -1 0 0 0 0 1 0
1 0 0 0 0 -1 0 0 0 0 1 1/2
1 0 0 1/2 0 1 0 1/2 0 0 1 0
_38_ 4
1 0 0 0 0 1 0 0 0 0 1 0
-1 0 0 0 0 -1 0 0 0 0 1 0
1 0 0 0 0 -1 0 0 0 0 1 0
1 0 0 0 0 1 0 1/2 0 0 1 1/2
_39_ 4
1 0 0 0 0 1 0 0 0 0 1 0
-1 0 0 0 0 -1 0 0 0 0 1 0
1 0 0 0 0 -1 0 1/2 0 0 1 0
1 0 0 0 0 1 0 1/2 0 0 1 1/2
_40_ 4
1 0 0 0 0 1 0 0 0 0 1 0
-1 0 0 0 0 -1 0 0 0 0 1 0
1 0 0 1/2 0 -1 0 0 0 0 1 0
1 0 0 0 0 1 0 1/2 0 0 1 1/2
_41_ 4
1 0 0 0 0 1 0 0 0 0 1 0
-1 0 0 0 0 -1 0 0 0 0 1 0
1 0 0 1/2 0 -1 0 1/2 0 0 1 0
1 0 0 0 0 1 0 1/2 0 0 1 1/2
_42_ 5
1 0 0 0 0 1 0 0 0 0 1 0
-1 0 0 0 0 -1 0 0 0 0 1 0
1 0 0 0 0 -1 0 0 0 0 1 0
1 0 0 0 0 1 0 1/2 0 0 1 1/2
1 0 0 1/2 0 1 0 0 0 0 1 1/2
_43_ 5
1 0 0 0 0 1 0 0 0 0 1 0
-1 0 0 0 0 -1 0 0 0 0 1 0
1 0 0 1/4 0 -1 0 1/4 0 0 1 1/4
1 0 0 0 0 1 0 1/2 0 0 1 1/2
1 0 0 1/2 0 1 0 0 0 0 1 1/2
_44_ 4
1 0 0 0 0 1 0 0 0 0 1 0
-1 0 0 0 0 -1 0 0 0 0 1 0
1 0 0 0 0 -1 0 0 0 0 1 0
1 0 0 1/2 0 1 0 1/2 0 0 1 1/2
_45_ 4
1 0 0 0 0 1 0 0 0 0 1 0
-1 0 0 0 0 -1 0 0 0 0 1 0
1 0 0 1/2 0 -1 0 1/2 0 0 1 0
1 0 0 1/2 0 1 0 1/2 0 0 1 1/2
_46_ 4
1 0 0 0 0 1 0 0 0 0 1 0
-1 0 0 0 0 -1 0 0 0 0 1 0
1 0 0 1/2 0 -1 0 0 0 0 1 0
1 0 0 1/2 0 1 0 1/2 0 0 1 1/2
_47_ 4
1 0 0 0 0 1 0 0 0 0 1 0
-1 0 0 0 0 -1 0 0 0 0 1 0
-1 0 0 0 0 1 0 0 0 0 -1 0
-1 0 0 0 0 -1 0 0 0 0 -1 0
_48_ 4
1 0 0 0 0 1 0 0 0 0 1 0
-1 0 0 1/2 0 -1 0 1/2 0 0 1 0
-1 0 0 1/2 0 1 0 0 0 0 -1 1/2
-1 0 0 0 0 -1 0 0 0 0 -1 0
_49_ 4
1 0 0 0 0 1 0 0 0 0 1 0
-1 0 0 0 0 -1 0 0 0 0 1 0
-1 0 0 0 0 1 0 0 0 0 -1 1/2
-1 0 0 0 0 -1 0 0 0 0 -1 0
_50_ 4
1 0 0 0 0 1 0 0 0 0 1 0
-1 0 0 1/2 0 -1 0 1/2 0 0 1 0
-1 0 0 1/2 0 1 0 0 0 0 -1 0
-1 0 0 0 0 -1 0 0 0 0 -1 0
_51_ 4
1 0 0 0 0 1 0 0 0 0 1 0
-1 0 0 1/2 0 -1 0 0 0 0 1 0
-1 0 0 0 0 1 0 0 0 0 -1 0
-1 0 0 0 0 -1 0 0 0 0 -1 0
_52_ 4
1 0 0 0 0 1 0 0 0 0 1 0
-1 0 0 1/2 0 -1 0 0 0 0 1 0
-1 0 0 1/2 0 1 0 1/2 0 0 -1 1/2
-1 0 0 0 0 -1 0 0 0 0 -1 0
_53_ 4
1 0 0 0 0 1 0 0 0 0 1 0
-1 0 0 1/2 0 -1 0 0 0 0 1 1/2
-1 0 0 1/2 0 1 0 0 0 0 -1 1/2
-1 0 0 0 0 -1 0 0 0 0 -1 0
_54_ 4
1 0 0 0 0 1 0 0 0 0 1 0
-1 0 0 1/2 0 -1 0 0 0 0 1 0
-1 0 0 0 0 1 0 0 0 0 -1 1/2
-1 0 0 0 0 -1 0 0 0 0 -1 0
_55_ 4
1 0 0 0 0 1 0 0 0 0 1 0
-1 0 0 0 0 -1 0 0 0 0 1 0
-1 0 0 1/2 0 1 0 1/2 0 0 -1 0
-1 0 0 0 0 -1 0 0 0 0 -1 0
_56_ 4
1 0 0 0 0 1 0 0 0 0 1 0
-1 0 0 1/2 0 -1 0 1/2 0 0 1 0
-1 0 0 0 0 1 0 1/2 0 0 -1 1/2
-1 0 0 0 0 -1 0 0 0 0 -1 0
_57_ 4
1 0 0 0 0 1 0 0 0 0 1 0
-1 0 0 0 0 -1 0 0 0 0 1 1/2
-1 0 0 0 0 1 0 1/2 0 0 -1 1/2
-1 0 0 0 0 -1 0 0 0 0 -1 0
_58_ 4
1 0 0 0 0 1 0 0 0 0 1 0
-1 0 0 0 0 -1 0 0 0 0 1 0
-1 0 0 1/2 0 1 0 1/2 0 0 -1 1/2
-1 0 0 0 0 -1 0 0 0 0 -1 0
_59_ 4
1 0 0 0 0 1 0 0 0 0 1 0
-1 0 0 1/2 0 -1 0 1/2 0 0 1 0
-1 0 0 0 0 1 0 1/2 0 0 -1 0
-1 0 0 0 0 -1 0 0 0 0 -1 0
_60_ 4
1 0 0 0 0 1 0 0 0 0 1 0
-1 0 0 1/2 0 -1 0 1/2 0 0 1 1/2
-1 0 0 0 0 1 0 0 0 0 -1 1/2
-1 0 0 0 0 -1 0 0 0 0 -1 0
_61_ 4
1 0 0 0 0 1 0 0 0 0 1 0
-1 0 0 1/2 0 -1 0 0 0 0 1 1/2
-1 0 0 0 0 1 0 1/2 0 0 -1 1/2
-1 0 0 0 0 -1 0 0 0 0 -1 0
_62_ 4
1 0 0 0 0 1 0 0 0 0 1 0
-1 0 0 1/2 0 -1 0 0 0 0 1 1/2
-1 0 0 0 0 1 0 1/2 0 0 -1 0
-1 0 0 0 0 -1 0 0 0 0 -1 0
_63_ 5
1 0 0 0 0 1 0 0 0 0 1 0
-1 0 0 0 0 -1 0 0 0 0 1 1/2
-1 0 0 0 0 1 0 0 0 0 -1 1/2
-1 0 0 0 0 -1 0 0 0 0 -1 0
1 0 0 1/2 0 1 0 1/2 0 0 1 0
_64_ 5
1 0 0 0 0 1 0 0 0 0 1 0
-1 0 0 0 0 -1 0 1/2 0 0 1 1/2
-1 0 0 0 0 1 0 1/2 0 0 -1 1/2
-1 0 0 0 0 -1 0 0 0 0 -1 0
1 0 0 1/2 0 1 0 1/2 0 0 1 0
_65_ 5
1 0 0 0 0 1 0 0 0 0 1 0
-1 0 0 0 0 -1 0 0 0 0 1 0
-1 0 0 0 0 1 0 0 0 0 -1 0
-1 0 0 0 0 -1 0 0 0 0 -1 0
1 0 0 1/2 0 1 0 1/2 0 0 1 0
_66_ 5
1 0 0 0 0 1 0 0 0 0 1 0
-1 0 0 0 0 -1 0 0 0 0 1 0
-1 0 0 0 0 1 0 0 0 0 -1 1/2
-1 0 0 0 0 -1 0 0 0 0 -1 0
1 0 0 1/2 0 1 0 1/2 0 0 1 0
_67_ 5
1 0 0 0 0 1 0 0 0 0 1 0
-1 0 0 0 0 -1 0 1/2 0 0 1 0
-1 0 0 0 0 1 0 1/2 0 0 -1 0
-1 0 0 0 0 -1 0 0 0 0 -1 0
1 0 0 1/2 0 1 0 1/2 0 0 1 0
_68_ 5
1 0 0 0 0 1 0 0 0 0 1 0
-1 0 0 1/2 0 -1 0 0 0 0 1 0
-1 0 0 0 0 1 0 0 0 0 -1 1/2
-1 0 0 0 0 -1 0 0 0 0 -1 0
1 0 0 1/2 0 1 0 1/2 0 0 1 0
_69_ 6
1 0 0 0 0 1 0 0 0 0 1 0
-1 0 0 0 0 -1 0 0 0 0 1 0
-1 0 0 0 0 1 0 0 0 0 -1 0
-1 0 0 0 0 -1 0 0 0 0 -1 0
1 0 0 0 0 1 0 1/2 0 0 1 1/2
1 0 0 1/2 0 1 0 0 0 0 1 1/2
_70_ 6
1 0 0 0 0 1 0 0 0 0 1 0
-1 0 0 3/4 0 -1 0 3/4 0 0 1 0
-1 0 0 3/4 0 1 0 0 0 0 -1 3/4
-1 0 0 0 0 -1 0 0 0 0 -1 0
1 0 0 0 0 1 0 1/2 0 0 1 1/2
1 0 0 1/2 0 1 0 0 0 0 1 1/2
_71_ 5
1 0 0 0 0 1 0 0 0 0 1 0
-1 0 0 0 0 -1 0 0 0 0 1 0
-1 0 0 0 0 1 0 0 0 0 -1 0
-1 0 0 0 0 -1 0 0 0 0 -1 0
1 0 0 1/2 0 1 0 1/2 0 0 1 1/2
_72_ 5
1 0 0 0 0 1 0 0 0 0 1 0
-1 0 0 0 0 -1 0 0 0 0 1 0
-1 0 0 1/2 0 1 0 1/2 0 0 -1 0
-1 0 0 0 0 -1 0 0 0 0 -1 0
1 0 0 1/2 0 1 0 1/2 0 0 1 1/2
_73_ 5
1 0 0 0 0 1 0 0 0 0 1 0
-1 0 0 1/2 0 -1 0 0 0 0 1 1/2
-1 0 0 0 0 1 0 1/2 0 0 -1 1/2
-1 0 0 0 0 -1 0 0 0 0 -1 0
1 0 0 1/2 0 1 0 1/2 0 0 1 1/2
_74_ 5
1 0 0 0 0 1 0 0 0 0 1 0
-1 0 0 0 0 -1 0 1/2 0 0 1 0
-1 0 0 0 0 1 0 1/2 0 0 -1 0
-1 0 0 0 0 -1 0 0 0 0 -1 0
1 0 0 1/2 0 1 0 1/2 0 0 1 1/2
_75_ 3
1 0 0 0 0 1 0 0 0 0 1 0
-1 0 0 0 0 -1 0 0 0 0 1 0
0 -1 0 0 1 0 0 0 0 0 1 0
_76_ 3
1 0 0 0 0 1 0 0 0 0 1 0
-1 0 0 0 0 -1 0 0 0 0 1 1/2
0 -1 0 0 1 0 0 0 0 0 1 1/4
_77_ 3
1 0 0 0 0 1 0 0 0 0 1 0
-1 0 0 0 0 -1 0 0 0 0 1 0
0 -1 0 0 1 0 0 0 0 0 1 1/2
_78_ 3
1 0 0 0 0 1 0 0 0 0 1 0
-1 0 0 0 0 -1 0 0 0 0 1 1/2
0 -1 0 0 1 0 0 0 0 0 1 3/4
_79_ 4
1 0 0 0 0 1 0 0 0 0 1 0
-1 0 0 0 0 -1 0 0 0 0 1 0
0 -1 0 0 1 0 0 0 0 0 1 0
1 0 0 1/2 0 1 0 1/2 0 0 1 1/2
_80_ 4
1 0 0 0 0 1 0 0 0 0 1 0
-1 0 0 1/2 0 -1 0 1/2 0 0 1 1/2
0 -1 0 0 1 0 0 1/2 0 0 1 1/4
1 0 0 1/2 0 1 0 1/2 0 0 1 1/2
_81_ 3
1 0 0 0 0 1 0 0 0 0 1 0
-1 0 0 0 0 -1 0 0 0 0 1 0
0 1 0 0 -1 0 0 0 0 0 -1 0
_82_ 4
1 0 0 0 0 1 0 0 0 0 1 0
-1 0 0 0 0 -1 0 0 0 0 1 0
0 1 0 0 -1 0 0 0 0 0 -1 0
1 0 0 1/2 0 1 0 1/2 0 0 1 1/2
_83_ 4
1 0 0 0 0 1 0 0 0 0 1 0
-1 0 0 0 0 -1 0 0 0 0 1 0
0 -1 0 0 1 0 0 0 0 0 1 0
-1 0 0 0 0 -1 0 0 0 0 -1 0
_84_ 4
1 0 0 0 0 1 0 0 0 0 1 0
-1 0 0 0 0 -1 0 0 0 0 1 0
0 -1 0 0 1 0 0 0 0 0 1 1/2
-1 0 0 0 0 -1 0 0 0 0 -1 0
_85_ 4
1 0 0 0 0 1 0 0 0 0 1 0
-1 0 0 1/2 0 -1 0 1/2 0 0 1 0
0 -1 0 1/2 1 0 0 0 0 0 1 0
-1 0 0 0 0 -1 0 0 0 0 -1 0
_86_ 4
1 0 0 0 0 1 0 0 0 0 1 0
-1 0 0 1/2 0 -1 0 1/2 0 0 1 0
0 -1 0 0 1 0 0 1/2 0 0 1 1/2
-1 0 0 0 0 -1 0 0 0 0 -1 0
_87_ 5
1 0 0 0 0 1 0 0 0 0 1 0
-1 0 0 0 0 -1 0 0 0 0 1 0
0 -1 0 0 1 0 0 0 0 0 1 0
-1 0 0 0 0 -1 0 0 0 0 -1 0
1 0 0 1/2 0 1 0 1/2 0 0 1 1/2
_88_ 5
1 0 0 0 0 1 0 0 0 0 1 0
-1 0 0 1/2 0 -1 0 0 0 0 1 1/2
0 -1 0 3/4 1 0 0 1/4 0 0 1 1/4
-1 0 0 0 0 -1 0 0 0 0 -1 0
1 0 0 1/2 0 1 0 1/2 0 0 1 1/2
_89_ 4
1 0 0 0 0 1 0 0 0 0 1 0
-1 0 0 0 0 -1 0 0 0 0 1 0
0 -1 0 0 1 0 0 0 0 0 1 0
-1 0 0 0 0 1 0 0 0 0 -1 0
_90_ 4
1 0 0 0 0 1 0 0 0 0 1 0
-1 0 0 0 0 -1 0 0 0 0 1 0
0 -1 0 1/2 1 0 0 1/2 0 0 1 0
-1 0 0 1/2 0 1 0 1/2 0 0 -1 0
_91_ 4
1 0 0 0 0 1 0 0 0 0 1 0
-1 0 0 0 0 -1 0 0 0 0 1 1/2
0 -1 0 0 1 0 0 0 0 0 1 1/4
-1 0 0 0 0 1 0 0 0 0 -1 0
_92_ 4
1 0 0 0 0 1 0 0 0 0 1 0
-1 0 0 0 0 -1 0 0 0 0 1 1/2
0 -1 0 1/2 1 0 0 1/2 0 0 1 1/4
-1 0 0 1/2 0 1 0 1/2 0 0 -1 1/4
_93_ 4
1 0 0 0 0 1 0 0 0 0 1 0
-1 0 0 0 0 -1 0 0 0 0 1 0
0 -1 0 0 1 0 0 0 0 0 1 1/2
-1 0 0 0 0 1 0 0 0 0 -1 0
_94_ 4
1 0 0 0 0 1 0 0 0 0 1 0
-1 0 0 0 0 -1 0 0 0 0 1 0
0 -1 0 1/2 1 0 0 1/2 0 0 1 1/2
-1 0 0 1/2 0 1 0 1/2 0 0 -1 1/2
_95_ 4
1 0 0 0 0 1 0 0 0 0 1 0
-1 0 0 0 0 -1 0 0 0 0 1 1/2
0 -1 0 0 1 0 0 0 0 0 1 3/4
-1 0 0 0 0 1 0 0 0 0 -1 0
_96_ 4
1 0 0 0 0 1 0 0 0 0 1 0
-1 0 0 0 0 -1 0 0 0 0 1 1/2
0 -1 0 1/2 1 0 0 1/2 0 0 1 3/4
-1 0 0 1/2 0 1 0 1/2 0 0 -1 3/4
_97_ 5
1 0 0 0 0 1 0 0 0 0 1 0
-1 0 0 0 0 -1 0 0 0 0 1 0
0 -1 0 0 1 0 0 0 0 0 1 0
-1 0 0 0 0 1 0 0 0 0 -1 0
1 0 0 1/2 0 1 0 1/2 0 0 1 1/2
_98_ 5
1 0 0 0 0 1 0 0 0 0 1 0
-1 0 0 1/2 0 -1 0 1/2 0 0 1 1/2
0 -1 0 0 1 0 0 1/2 0 0 1 1/4
-1 0 0 1/2 0 1 0 0 0 0 -1 3/4
1 0 0 1/2 0 1 0 1/2 0 0 1 1/2
_99_ 4
1 0 0 0 0 1 0 0 0 0 1 0
-1 0 0 0 0 -1 0 0 0 0 1 0
0 -1 0 0 1 0 0 0 0 0 1 0
1 0 0 0 0 -1 0 0 0 0 1 0
_100_ 4
1 0 0 0 0 1 0 0 0 0 1 0
-1 0 0 0 0 -1 0 0 0 0 1 0
0 -1 0 0 1 0 0 0 0 0 1 0
1 0 0 1/2 0 -1 0 1/2 0 0 1 0
_101_ 4
1 0 0 0 0 1 0 0 0 0 1 0
-1 0 0 0 0 -1 0 0 0 0 1 0
0 -1 0 0 1 0 0 0 0 0 1 1/2
1 0 0 0 0 -1 0 0 0 0 1 1/2
_102_ 4
1 0 0 0 0 1 0 0 0 0 1 0
-1 0 0 0 0 -1 0 0 0 0 1 0
0 -1 0 1/2 1 0 0 1/2 0 0 1 1/2
1 0 0 1/2 0 -1 0 1/2 0 0 1 1/2
_103_ 4
1 0 0 0 0 1 0 0 0 0 1 0
-1 0 0 0 0 -1 0 0 0 0 1 0
0 -1 0 0 1 0 0 0 0 0 1 0
1 0 0 0 0 -1 0 0 0 0 1 1/2
_104_ 4
1 0 0 0 0 1 0 0 0 0 1 0
-1 0 0 0 0 -1 0 0 0 0 1 0
0 -1 0 0 1 0 0 0 0 0 1 0
1 0 0 1/2 0 -1 0 1/2 0 0 1 1/2
_105_ 4
1 0 0 0 0 1 0 0 0 0 1 0
-1 0 0 0 0 -1 0 0 0 0 1 0
0 -1 0 0 1 0 0 0 0 0 1 1/2
1 0 0 0 0 -1 0 0 0 0 1 0
_106_ 4
1 0 0 0 0 1 0 0 0 0 1 0
-1 0 0 0 0 -1 0 0 0 0 1 0
0 -1 0 0 1 0 0 0 0 0 1 1/2
1 0 0 1/2 0 -1 0 1/2 0 0 1 0
_107_ 5
1 0 0 0 0 1 0 0 0 0 1 0
-1 0 0 0 0 -1 0 0 0 0 1 0
0 -1 0 0 1 0 0 0 0 0 1 0
1 0 0 0 0 -1 0 0 0 0 1 0
1 0 0 1/2 0 1 0 1/2 0 0 1 1/2
_108_ 5
1 0 0 0 0 1 0 0 0 0 1 0
-1 0 0 0 0 -1 0 0 0 0 1 0
0 -1 0 0 1 0 0 0 0 0 1 0
1 0 0 0 0 -1 0 0 0 0 1 1/2
1 0 0 1/2 0 1 0 1/2 0 0 1 1/2
_109_ 5
1 0 0 0 0 1 0 0 0 0 1 0
-1 0 0 1/2 0 -1 0 1/2 0 0 1 1/2
0 -1 0 0 1 0 0 1/2 0 0 1 1/4
1 0 0 0 0 -1 0 0 0 0 1 0
1 0 0 1/2 0 1 0 1/2 0 0 1 1/2
_110_ 5
1 0 0 0 0 1 0 0 0 0 1 0
-1 0 0 1/2 0 -1 0 1/2 0 0 1 1/2
0 -1 0 0 1 0 0 1/2 0 0 1 1/4
1 0 0 0 0 -1 0 0 0 0 1 1/2
1 0 0 1/2 0 1 0 1/2 0 0 1 1/2
_111_ 4
1 0 0 0 0 1 0 0 0 0 1 0
-1 0 0 0 0 -1 0 0 0 0 1 0
0 1 0 0 -1 0 0 0 0 0 -1 0
-1 0 0 0 0 1 0 0 0 0 -1 0
_112_ 4
1 0 0 0 0 1 0 0 0 0 1 0
-1 0 0 0 0 -1 0 0 0 0 1 0
0 1 0 0 -1 0 0 0 0 0 -1 0
-1 0 0 0 0 1 0 0 0 0 -1 1/2
_113_ 4
1 0 0 0 0 1 0 0 0 0 1 0
-1 0 0 0 0 -1 0 0 0 0 1 0
0 1 0 0 -1 0 0 0 0 0 -1 0
-1 0 0 1/2 0 1 0 1/2 0 0 -1 0
_114_ 4
1 0 0 0 0 1 0 0 0 0 1 0
-1 0 0 0 0 -1 0 0 0 0 1 0
0 1 0 0 -1 0 0 0 0 0 -1 0
-1 0 0 1/2 0 1 0 1/2 0 0 -1 1/2
_115_ 4
1 0 0 0 0 1 0 0 0 0 1 0
-1 0 0 0 0 -1 0 0 0 0 1 0
0 1 0 0 -1 0 0 0 0 0 -1 0
1 0 0 0 0 -1 0 0 0 0 1 0
_116_ 4
1 0 0 0 0 1 0 0 0 0 1 0
-1 0 0 0 0 -1 0 0 0 0 1 0
0 1 0 0 -1 0 0 0 0 0 -1 0
1 0 0 0 0 -1 0 0 0 0 1 1/2
_117_ 4
1 0 0 0 0 1 0 0 0 0 1 0
-1 0 0 0 0 -1 0 0 0 0 1 0
0 1 0 0 -1 0 0 0 0 0 -1 0
1 0 0 1/2 0 -1 0 1/2 0 0 1 0
_118_ 4
1 0 0 0 0 1 0 0 0 0 1 0
-1 0 0 0 0 -1 0 0 0 0 1 0
0 1 0 0 -1 0 0 0 0 0 -1 0
1 0 0 1/2 0 -1 0 1/2 0 0 1 1/2
_119_ 5
1 0 0 0 0 1 0 0 0 0 1 0
-1 0 0 0 0 -1 0 0 0 0 1 0
0 1 0 0 -1 0 0 0 0 0 -1 0
1 0 0 0 0 -1 0 0 0 0 1 0
1 0 0 1/2 0 1 0 1/2 0 0 1 1/2
_120_ 5
1 0 0 0 0 1 0 0 0 0 1 0
-1 0 0 0 0 -1 0 0 0 0 1 0
0 1 0 0 -1 0 0 0 0 0 -1 0
1 0 0 0 0 -1 0 0 0 0 1 1/2
1 0 0 1/2 0 1 0 1/2 0 0 1 1/2
_121_ 5
1 0 0 0 0 1 0 0 0 0 1 0
-1 0 0 0 0 -1 0 0 0 0 1 0
0 1 0 0 -1 0 0 0 0 0 -1 0
-1 0 0 0 0 1 0 0 0 0 -1 0
1 0 0 1/2 0 1 0 1/2 0 0 1 1/2
_122_ 5
1 0 0 0 0 1 0 0 0 0 1 0
-1 0 0 0 0 -1 0 0 0 0 1 0
0 1 0 0 -1 0 0 0 0 0 -1 0
-1 0 0 1/2 0 1 0 0 0 0 -1 3/4
1 0 0 1/2 0 1 0 1/2 0 0 1 1/2
_123_ 5
1 0 0 0 0 1 0 0 0 0 1 0
-1 0 0 0 0 -1 0 0 0 0 1 0
0 -1 0 0 1 0 0 0 0 0 1 0
-1 0 0 0 0 1 0 0 0 0 -1 0
-1 0 0 0 0 -1 0 0 0 0 -1 0
_124_ 5
1 0 0 0 0 1 0 0 0 0 1 0
-1 0 0 0 0 -1 0 0 0 0 1 0
0 -1 0 0 1 0 0 0 0 0 1 0
-1 0 0 0 0 1 0 0 0 0 -1 1/2
-1 0 0 0 0 -1 0 0 0 0 -1 0
_125_ 5
1 0 0 0 0 1 0 0 0 0 1 0
-1 0 0 1/2 0 -1 0 1/2 0 0 1 0
0 -1 0 1/2 1 0 0 0 0 0 1 0
-1 0 0 1/2 0 1 0 0 0 0 -1 0
-1 0 0 0 0 -1 0 0 0 0 -1 0
_126_ 5
1 0 0 0 0 1 0 0 0 0 1 0
-1 0 0 1/2 0 -1 0 1/2 0 0 1 0
0 -1 0 1/2 1 0 0 0 0 0 1 0
-1 0 0 1/2 0 1 0 0 0 0 -1 1/2
-1 0 0 0 0 -1 0 0 0 0 -1 0
_127_ 5
1 0 0 0 0 1 0 0 0 0 1 0
-1 0 0 0 0 -1 0 0 0 0 1 0
0 -1 0 0 1 0 0 0 0 0 1 0
-1 0 0 1/2 0 1 0 1/2 0 0 -1 0
-1 0 0 0 0 -1 0 0 0 0 -1 0
_128_ 5
1 0 0 0 0 1 0 0 0 0 1 0
-1 0 0 0 0 -1 0 0 0 0 1 0
0 -1 0 0 1 0 0 0 0 0 1 0
-1 0 0 1/2 0 1 0 1/2 0 0 -1 1/2
-1 0 0 0 0 -1 0 0 0 0 -1 0
_129_ 5
1 0 0 0 0 1 0 0 0 0 1 0
-1 0 0 1/2 0 -1 0 1/2 0 0 1 0
0 -1 0 1/2 1 0 0 0 0 0 1 0
-1 0 0 0 0 1 0 1/2 0 0 -1 0
-1 0 0 0 0 -1 0 0 0 0 -1 0
_130_ 5
1 0 0 0 0 1 0 0 0 0 1 0
-1 0 0 1/2 0 -1 0 1/2 0 0 1 0
0 -1 0 1/2 1 0 0 0 0 0 1 0
-1 0 0 0 0 1 0 1/2 0 0 -1 1/2
-1 0 0 0 0 -1 0 0 0 0 -1 0
_131_ 5
1 0 0 0 0 1 0 0 0 0 1 0
-1 0 0 0 0 -1 0 0 0 0 1 0
0 -1 0 0 1 0 0 0 0 0 1 1/2
-1 0 0 0 0 1 0 0 0 0 -1 0
-1 0 0 0 0 -1 0 0 0 0 -1 0
_132_ 5
1 0 0 0 0 1 0 0 0 0 1 0
-1 0 0 0 0 -1 0 0 0 0 1 0
0 -1 0 0 1 0 0 0 0 0 1 1/2
-1 0 0 0 0 1 0 0 0 0 -1 1/2
-1 0 0 0 0 -1 0 0 0 0 -1 0
_133_ 5
1 0 0 0 0 1 0 0 0 0 1 0
-1 0 0 1/2 0 -1 0 1/2 0 0 1 0
0 -1 0 1/2 1 0 0 0 0 0 1 1/2
-1 0 0 1/2 0 1 0 0 0 0 -1 0
-1 0 0 0 0 -1 0 0 0 0 -1 0
_134_ 5
1 0 0 0 0 1 0 0 0 0 1 0
-1 0 0 1/2 0 -1 0 1/2 0 0 1 0
0 -1 0 1/2 1 0 0 0 0 0 1 1/2
-1 0 0 1/2 0 1 0 0 0 0 -1 1/2
-1 0 0 0 0 -1 0 0 0 0 -1 0
_135_ 5
1 0 0 0 0 1 0 0 0 0 1 0
-1 0 0 0 0 -1 0 0 0 0 1 0
0 -1 0 0 1 0 0 0 0 0 1 1/2
-1 0 0 1/2 0 1 0 1/2 0 0 -1 0
-1 0 0 0 0 -1 0 0 0 0 -1 0
_136_ 5
1 0 0 0 0 1 0 0 0 0 1 0
-1 0 0 0 0 -1 0 0 0 0 1 0
0 -1 0 1/2 1 0 0 1/2 0 0 1 1/2
-1 0 0 1/2 0 1 0 1/2 0 0 -1 1/2
-1 0 0 0 0 -1 0 0 0 0 -1 0
_137_ 5
1 0 0 0 0 1 0 0 0 0 1 0
-1 0 0 1/2 0 -1 0 1/2 0 0 1 0
0 -1 0 1/2 1 0 0 0 0 0 1 1/2
-1 0 0 0 0 1 0 1/2 0 0 -1 0
-1 0 0 0 0 -1 0 0 0 0 -1 0
_138_ 5
1 0 0 0 0 1 0 0 0 0 1 0
-1 0 0 1/2 0 -1 0 1/2 0 0 1 0
0 -1 0 1/2 1 0 0 0 0 0 1 1/2
-1 0 0 0 0 1 0 1/2 0 0 -1 1/2
-1 0 0 0 0 -1 0 0 0 0 -1 0
_139_ 6
1 0 0 0 0 1 0 0 0 0 1 0
-1 0 0 0 0 -1 0 0 0 0 1 0
0 -1 0 0 1 0 0 0 0 0 1 0
-1 0 0 0 0 1 0 0 0 0 -1 0
-1 0 0 0 0 -1 0 0 0 0 -1 0
1 0 0 1/2 0 1 0 1/2 0 0 1 1/2
_140_ 6
1 0 0 0 0 1 0 0 0 0 1 0
-1 0 0 0 0 -1 0 0 0 0 1 0
0 -1 0 0 1 0 0 0 0 0 1 0
-1 0 0 0 0 1 0 0 0 0 -1 1/2
-1 0 0 0 0 -1 0 0 0 0 -1 0
1 0 0 1/2 0 1 0 1/2 0 0 1 1/2
_141_ 6
1 0 0 0 0 1 0 0 0 0 1 0
-1 0 0 1/2 0 -1 0 0 0 0 1 1/2
0 -1 0 1/4 1 0 0 3/4 0 0 1 1/4
-1 0 0 1/2 0 1 0 0 0 0 -1 1/2
-1 0 0 0 0 -1 0 0 0 0 -1 0
1 0 0 1/2 0 1 0 1/2 0 0 1 1/2
_142_ 6
1 0 0 0 0 1 0 0 0 0 1 0
-1 0 0 1/2 0 -1 0 0 0 0 1 1/2
0 -1 0 1/4 1 0 0 3/4 0 0 1 1/4
-1 0 0 1/2 0 1 0 0 0 0 -1 0
-1 0 0 0 0 -1 0 0 0 0 -1 0
1 0 0 1/2 0 1 0 1/2 0 0 1 1/2
_143_ 2
1 0 0 0 0 1 0 0 0 0 1 0
0 -1 0 0 1 -1 0 0 0 0 1 0
_144_ 2
1 0 0 0 0 1 0 0 0 0 1 0
0 -1 0 0 1 -1 0 0 0 0 1 1/3
_145_ 2
1 0 0 0 0 1 0 0 0 0 1 0
0 -1 0 0 1 -1 0 0 0 0 1 2/3
_146_ 3
1 0 0 0 0 1 0 0 0 0 1 0
0 -1 0 0 1 -1 0 0 0 0 1 0
1 0 0 2/3 0 1 0 1/3 0 0 1 1/3
_147_ 3
1 0 0 0 0 1 0 0 0 0 1 0
0 -1 0 0 1 -1 0 0 0 0 1 0
-1 0 0 0 0 -1 0 0 0 0 -1 0
_148_ 4
1 0 0 0 0 1 0 0 0 0 1 0
0 -1 0 0 1 -1 0 0 0 0 1 0
-1 0 0 0 0 -1 0 0 0 0 -1 0
1 0 0 2/3 0 1 0 1/3 0 0 1 1/3
_149_ 3
1 0 0 0 0 1 0 0 0 0 1 0
0 -1 0 0 1 -1 0 0 0 0 1 0
0 -1 0 0 -1 0 0 0 0 0 -1 0
_150_ 3
1 0 0 0 0 1 0 0 0 0 1 0
0 -1 0 0 1 -1 0 0 0 0 1 0
0 1 0 0 1 0 0 0 0 0 -1 0
_151_ 3
1 0 0 0 0 1 0 0 0 0 1 0
0 -1 0 0 1 -1 0 0 0 0 1 1/3
0 -1 0 0 -1 0 0 0 0 0 -1 2/3
_152_ 3
1 0 0 0 0 1 0 0 0 0 1 0
0 -1 0 0 1 -1 0 0 0 0 1 1/3
0 1 0 0 1 0 0 0 0 0 -1 0
_153_ 3
1 0 0 0 0 1 0 0 0 0 1 0
0 -1 0 0 1 -1 0 0 0 0 1 2/3
0 -1 0 0 -1 0 0 0 0 0 -1 1/3
_154_ 3
1 0 0 0 0 1 0 0 0 0 1 0
0 -1 0 0 1 -1 0 0 0 0 1 2/3
0 1 0 0 1 0 0 0 0 0 -1 0
_155_ 4
1 0 0 0 0 1 0 0 0 0 1 0
0 -1 0 0 1 -1 0 0 0 0 1 0
0 1 0 0 1 0 0 0 0 0 -1 0
1 0 0 2/3 0 1 0 1/3 0 0 1 1/3
_156_ 3
1 0 0 0 0 1 0 0 0 0 1 0
0 -1 0 0 1 -1 0 0 0 0 1 0
0 -1 0 0 -1 0 0 0 0 0 1 0
_157_ 3
1 0 0 0 0 1 0 0 0 0 1 0
0 -1 0 0 1 -1 0 0 0 0 1 0
0 1 0 0 1 0 0 0 0 0 1 0
_158_ 3
1 0 0 0 0 1 0 0 0 0 1 0
0 -1 0 0 1 -1 0 0 0 0 1 0
0 -1 0 0 -1 0 0 0 0 0 1 1/2
_159_ 3
1 0 0 0 0 1 0 0 0 0 1 0
0 -1 0 0 1 -1 0 0 0 0 1 0
0 1 0 0 1 0 0 0 0 0 1 1/2
_160_ 4
1 0 0 0 0 1 0 0 0 0 1 0
0 -1 0 0 1 -1 0 0 0 0 1 0
0 -1 0 0 -1 0 0 0 0 0 1 0
1 0 0 2/3 0 1 0 1/3 0 0 1 1/3
_161_ 4
1 0 0 0 0 1 0 0 0 0 1 0
0 -1 0 0 1 -1 0 0 0 0 1 0
0 -1 0 0 -1 0 0 0 0 0 1 1/2
1 0 0 2/3 0 1 0 1/3 0 0 1 1/3
_162_ 4
1 0 0 0 0 1 0 0 0 0 1 0
0 -1 0 0 1 -1 0 0 0 0 1 0
0 -1 0 0 -1 0 0 0 0 0 -1 0
-1 0 0 0 0 -1 0 0 0 0 -1 0
_163_ 4
1 0 0 0 0 1 0 0 0 0 1 0
0 -1 0 0 1 -1 0 0 0 0 1 0
0 -1 0 0 -1 0 0 0 0 0 -1 1/2
-1 0 0 0 0 -1 0 0 0 0 -1 0
_164_ 4
1 0 0 0 0 1 0 0 0 0 1 0
0 -1 0 0 1 -1 0 0 0 0 1 0
0 1 0 0 1 0 0 0 0 0 -1 0
-1 0 0 0 0 -1 0 0 0 0 -1 0
_165_ 4
1 0 0 0 0 1 0 0 0 0 1 0
0 -1 0 0 1 -1 0 0 0 0 1 0
0 1 0 0 1 0 0 0 0 0 -1 1/2
-1 0 0 0 0 -1 0 0 0 0 -1 0
_166_ 5
1 0 0 0 0 1 0 0 0 0 1 0
0 -1 0 0 1 -1 0 0 0 0 1 0
0 1 0 0 1 0 0 0 0 0 -1 0
-1 0 0 0 0 -1 0 0 0 0 -1 0
1 0 0 2/3 0 1 0 1/3 0 0 1 1/3
_167_ 5
1 0 0 0 0 1 0 0 0 0 1 0
0 -1 0 0 1 -1 0 0 0 0 1 0
0 1 0 0 1 0 0 0 0 0 -1 1/2
-1 0 0 0 0 -1 0 0 0 0 -1 0
1 0 0 2/3 0 1 0 1/3 0 0 1 1/3
_168_ 3
1 0 0 0 0 1 0 0 0 0 1 0
0 -1 0 0 1 -1 0 0 0 0 1 0
-1 0 0 0 0 -1 0 0 0 0 1 0
_169_ 3
1 0 0 0 0 1 0 0 0 0 1 0
0 -1 0 0 1 -1 0 0 0 0 1 1/3
-1 0 0 0 0 -1 0 0 0 0 1 1/2
_170_ 3
1 0 0 0 0 1 0 0 0 0 1 0
0 -1 0 0 1 -1 0 0 0 0 1 2/3
-1 0 0 0 0 -1 0 0 0 0 1 1/2
_171_ 3
1 0 0 0 0 1 0 0 0 0 1 0
0 -1 0 0 1 -1 0 0 0 0 1 2/3
-1 0 0 0 0 -1 0 0 0 0 1 0
_172_ 3
1 0 0 0 0 1 0 0 0 0 1 0
0 -1 0 0 1 -1 0 0 0 0 1 1/3
-1 0 0 0 0 -1 0 0 0 0 1 0
_173_ 3
1 0 0 0 0 1 0 0 0 0 1 0
0 -1 0 0 1 -1 0 0 0 0 1 0
-1 0 0 0 0 -1 0 0 0 0 1 1/2
_174_ 3
1 0 0 0 0 1 0 0 0 0 1 0
0 -1 0 0 1 -1 0 0 0 0 1 0
1 0 0 0 0 1 0 0 0 0 -1 0
_175_ 4
1 0 0 0 0 1 0 0 0 0 1 0
0 -1 0 0 1 -1 0 0 0 0 1 0
-1 0 0 0 0 -1 0 0 0 0 1 0
-1 0 0 0 0 -1 0 0 0 0 -1 0
_176_ 4
1 0 0 0 0 1 0 0 0 0 1 0
0 -1 0 0 1 -1 0 0 0 0 1 0
-1 0 0 0 0 -1 0 0 0 0 1 1/2
-1 0 0 0 0 -1 0 0 0 0 -1 0
_177_ 4
1 0 0 0 0 1 0 0 0 0 1 0
0 -1 0 0 1 -1 0 0 0 0 1 0
-1 0 0 0 0 -1 0 0 0 0 1 0
0 1 0 0 1 0 0 0 0 0 -1 0
_178_ 4
1 0 0 0 0 1 0 0 0 0 1 0
0 -1 0 0 1 -1 0 0 0 0 1 1/3
-1 0 0 0 0 -1 0 0 0 0 1 1/2
0 1 0 0 1 0 0 0 0 0 -1 1/3
_179_ 4
1 0 0 0 0 1 0 0 0 0 1 0
0 -1 0 0 1 -1 0 0 0 0 1 2/3
-1 0 0 0 0 -1 0 0 0 0 1 1/2
0 1 0 0 1 0 0 0 0 0 -1 2/3
_180_ 4
1 0 0 0 0 1 0 0 0 0 1 0
0 -1 0 0 1 -1 0 0 0 0 1 2/3
-1 0 0 0 0 -1 0 0 0 0 1 0
0 1 0 0 1 0 0 0 0 0 -1 2/3
_181_ 4
1 0 0 0 0 1 0 0 0 0 1 0
0 -1 0 0 1 -1 0 0 0 0 1 1/3
-1 0 0 0 0 -1 0 0 0 0 1 0
0 1 0 0 1 0 0 0 0 0 -1 1/3
_182_ 4
1 0 0 0 0 1 0 0 0 0 1 0
0 -1 0 0 1 -1 0 0 0 0 1 0
-1 0 0 0 0 -1 0 0 0 0 1 1/2
0 1 0 0 1 0 0 0 0 0 -1 0
_183_ 4
1 0 0 0 0 1 0 0 0 0 1 0
0 -1 0 0 1 -1 0 0 0 0 1 0
-1 0 0 0 0 -1 0 0 0 0 1 0
0 -1 0 0 -1 0 0 0 0 0 1 0
_184_ 4
1 0 0 0 0 1 0 0 0 0 1 0
0 -1 0 0 1 -1 0 0 0 0 1 0
-1 0 0 0 0 -1 0 0 0 0 1 0
0 -1 0 0 -1 0 0 0 0 0 1 1/2
_185_ 4
1 0 0 0 0 1 0 0 0 0 1 0
0 -1 0 0 1 -1 0 0 0 0 1 0
-1 0 0 0 0 -1 0 0 0 0 1 1/2
0 -1 0 0 -1 0 0 0 0 0 1 1/2
_186_ 4
1 0 0 0 0 1 0 0 0 0 1 0
0 -1 0 0 1 -1 0 0 0 0 1 0
-1 0 0 0 0 -1 0 0 0 0 1 1/2
0 -1 0 0 -1 0 0 0 0 0 1 0
_187_ 4
1 0 0 0 0 1 0 0 0 0 1 0
0 -1 0 0 1 -1 0 0 0 0 1 0
1 0 0 0 0 1 0 0 0 0 -1 0
0 -1 0 0 -1 0 0 0 0 0 1 0
_188_ 4
1 0 0 0 0 1 0 0 0 0 1 0
0 -1 0 0 1 -1 0 0 0 0 1 0
1 0 0 0 0 1 0 0 0 0 -1 1/2
0 -1 0 0 -1 0 0 0 0 0 1 1/2
_189_ 4
1 0 0 0 0 1 0 0 0 0 1 0
0 -1 0 0 1 -1 0 0 0 0 1 0
1 0 0 0 0 1 0 0 0 0 -1 0
0 1 0 0 1 0 0 0 0 0 -1 0
_190_ 4
1 0 0 0 0 1 0 0 0 0 1 0
0 -1 0 0 1 -1 0 0 0 0 1 0
1 0 0 0 0 1 0 0 0 0 -1 1/2
0 1 0 0 1 0 0 0 0 0 -1 0
_191_ 5
1 0 0 0 0 1 0 0 0 0 1 0
0 -1 0 0 1 -1 0 0 0 0 1 0
-1 0 0 0 0 -1 0 0 0 0 1 0
0 1 0 0 1 0 0 0 0 0 -1 0
-1 0 0 0 0 -1 0 0 0 0 -1 0
_192_ 5
1 0 0 0 0 1 0 0 0 0 1 0
0 -1 0 0 1 -1 0 0 0 0 1 0
-1 0 0 0 0 -1 0 0 0 0 1 0
0 1 0 0 1 0 0 0 0 0 -1 1/2
-1 0 0 0 0 -1 0 0 0 0 -1 0
_193_ 5
1 0 0 0 0 1 0 0 0 0 1 0
0 -1 0 0 1 -1 0 0 0 0 1 0
-1 0 0 0 0 -1 0 0 0 0 1 1/2
0 1 0 0 1 0 0 0 0 0 -1 1/2
-1 0 0 0 0 -1 0 0 0 0 -1 0
_194_ 5
1 0 0 0 0 1 0 0 0 0 1 0
0 -1 0 0 1 -1 0 0 0 0 1 0
-1 0 0 0 0 -1 0 0 0 0 1 1/2
0 1 0 0 1 0 0 0 0 0 -1 0
-1 0 0 0 0 -1 0 0 0 0 -1 0
_195_ 4
1 0 0 0 0 1 0 0 0 0 1 0
-1 0 0 0 0 -1 0 0 0 0 1 0
-1 0 0 0 0 1 0 0 0 0 -1 0
0 0 1 0 1 0 0 0 0 1 0 0
_196_ 6
1 0 0 0 0 1 0 0 0 0 1 0
-1 0 0 0 0 -1 0 0 0 0 1 0
-1 0 0 0 0 1 0 0 0 0 -1 0
0 0 1 0 1 0 0 0 0 1 0 0
1 0 0 0 0 1 0 1/2 0 0 1 1/2
1 0 0 1/2 0 1 0 0 0 0 1 1/2
_197_ 5
1 0 0 0 0 1 0 0 0 0 1 0
-1 0 0 0 0 -1 0 0 0 0 1 0
-1 0 0 0 0 1 0 0 0 0 -1 0
0 0 1 0 1 0 0 0 0 1 0 0
1 0 0 1/2 0 1 0 1/2 0 0 1 1/2
_198_ 4
1 0 0 0 0 1 0 0 0 0 1 0
-1 0 0 1/2 0 -1 0 0 0 0 1 1/2
-1 0 0 0 0 1 0 1/2 0 0 -1 1/2
0 0 1 0 1 0 0 0 0 1 0 0
_199_ 5
1 0 0 0 0 1 0 0 0 0 1 0
-1 0 0 1/2 0 -1 0 0 0 0 1 1/2
-1 0 0 0 0 1 0 1/2 0 0 -1 1/2
0 0 1 0 1 0 0 0 0 1 0 0
1 0 0 1/2 0 1 0 1/2 0 0 1 1/2
_200_ 5
1 0 0 0 0 1 0 0 0 0 1 0
-1 0 0 0 0 -1 0 0 0 0 1 0
-1 0 0 0 0 1 0 0 0 0 -1 0
0 0 1 0 1 0 0 0 0 1 0 0
-1 0 0 0 0 -1 0 0 0 0 -1 0
_201_ 5
1 0 0 0 0 1 0 0 0 0 1 0
-1 0 0 1/2 0 -1 0 1/2 0 0 1 0
-1 0 0 1/2 0 1 0 0 0 0 -1 1/2
0 0 1 0 1 0 0 0 0 1 0 0
-1 0 0 0 0 -1 0 0 0 0 -1 0
_202_ 7
1 0 0 0 0 1 0 0 0 0 1 0
-1 0 0 0 0 -1 0 0 0 0 1 0
-1 0 0 0 0 1 0 0 0 0 -1 0
0 0 1 0 1 0 0 0 0 1 0 0
-1 0 0 0 0 -1 0 0 0 0 -1 0
1 0 0 0 0 1 0 1/2 0 0 1 1/2
1 0 0 1/2 0 1 0 0 0 0 1 1/2
_203_ 7
1 0 0 0 0 1 0 0 0 0 1 0
-1 0 0 3/4 0 -1 0 3/4 0 0 1 0
-1 0 0 3/4 0 1 0 0 0 0 -1 3/4
0 0 1 0 1 0 0 0 0 1 0 0
-1 0 0 0 0 -1 0 0 0 0 -1 0
1 0 0 0 0 1 0 1/2 0 0 1 1/2
1 0 0 1/2 0 1 0 0 0 0 1 1/2
_204_ 6
1 0 0 0 0 1 0 0 0 0 1 0
-1 0 0 0 0 -1 0 0 0 0 1 0
-1 0 0 0 0 1 0 0 0 0 -1 0
0 0 1 0 1 0 0 0 0 1 0 0
-1 0 0 0 0 -1 0 0 0 0 -1 0
1 0 0 1/2 0 1 0 1/2 0 0 1 1/2
_205_ 5
1 0 0 0 0 1 0 0 0 0 1 0
-1 0 0 1/2 0 -1 0 0 0 0 1 1/2
-1 0 0 0 0 1 0 1/2 0 0 -1 1/2
0 0 1 0 1 0 0 0 0 1 0 0
-1 0 0 0 0 -1 0 0 0 0 -1 0
_206_ 6
1 0 0 0 0 1 0 0 0 0 1 0
-1 0 0 1/2 0 -1 0 0 0 0 1 1/2
-1 0 0 0 0 1 0 1/2 0 0 -1 1/2
0 0 1 0 1 0 0 0 0 1 0 0
-1 0 0 0 0 -1 0 0 0 0 -1 0
1 0 0 1/2 0 1 0 1/2 0 0 1 1/2
_207_ 5
1 0 0 0 0 1 0 0 0 0 1 0
-1 0 0 0 0 -1 0 0 0 0 1 0
-1 0 0 0 0 1 0 0 0 0 -1 0
0 0 1 0 1 0 0 0 0 1 0 0
0 1 0 0 1 0 0 0 0 0 -1 0
_208_ 5
1 0 0 0 0 1 0 0 0 0 1 0
-1 0 0 0 0 -1 0 0 0 0 1 0
-1 0 0 0 0 1 0 0 0 0 -1 0
0 0 1 0 1 0 0 0 0 1 0 0
0 1 0 1/2 1 0 0 1/2 0 0 -1 1/2
_209_ 7
1 0 0 0 0 1 0 0 0 0 1 0
-1 0 0 0 0 -1 0 0 0 0 1 0
-1 0 0 0 0 1 0 0 0 0 -1 0
0 0 1 0 1 0 0 0 0 1 0 0
0 1 0 0 1 0 0 0 0 0 -1 0
1 0 0 0 0 1 0 1/2 0 0 1 1/2
1 0 0 1/2 0 1 0 0 0 0 1 1/2
_210_ 7
1 0 0 0 0 1 0 0 0 0 1 0
-1 0 0 0 0 -1 0 1/2 0 0 1 1/2
-1 0 0 1/2 0 1 0 1/2 0 0 -1 0
0 0 1 0 1 0 0 0 0 1 0 0
0 1 0 3/4 1 0 0 1/4 0 0 -1 3/4
1 0 0 0 0 1 0 1/2 0 0 1 1/2
1 0 0 1/2 0 1 0 0 0 0 1 1/2
_211_ 6
1 0 0 0 0 1 0 0 0 0 1 0
-1 0 0 0 0 -1 0 0 0 0 1 0
-1 0 0 0 0 1 0 0 0 0 -1 0
0 0 1 0 1 0 0 0 0 1 0 0
0 1 0 0 1 0 0 0 0 0 -1 0
1 0 0 1/2 0 1 0 1/2 0 0 1 1/2
_212_ 5
1 0 0 0 0 1 0 0 0 0 1 0
-1 0 0 1/2 0 -1 0 0 0 0 1 1/2
-1 0 0 0 0 1 0 1/2 0 0 -1 1/2
0 0 1 0 1 0 0 0 0 1 0 0
0 1 0 1/4 1 0 0 3/4 0 0 -1 3/4
_213_ 5
1 0 0 0 0 1 0 0 0 0 1 0
-1 0 0 1/2 0 -1 0 0 0 0 1 1/2
-1 0 0 0 0 1 0 1/2 0 0 -1 1/2
0 0 1 0 1 0 0 0 0 1 0 0
0 1 0 3/4 1 0 0 1/4 0 0 -1 1/4
_214_ 6
1 0 0 0 0 1 0 0 0 0 1 0
-1 0 0 1/2 0 -1 0 0 0 0 1 1/2
-1 0 0 0 0 1 0 1/2 0 0 -1 1/2
0 0 1 0 1 0 0 0 0 1 0 0
0 1 0 3/4 1 0 0 1/4 0 0 -1 1/4
1 0 0 1/2 0 1 0 1/2 0 0 1 1/2
_215_ 5
1 0 0 0 0 1 0 0 0 0 1 0
-1 0 0 0 0 -1 0 0 0 0 1 0
-1 0 0 0 0 1 0 0 0 0 -1 0
0 0 1 0 1 0 0 0 0 1 0 0
0 1 0 0 1 0 0 0 0 0 1 0
_216_ 7
1 0 0 0 0 1 0 0 0 0 1 0
-1 0 0 0 0 -1 0 0 0 0 1 0
-1 0 0 0 0 1 0 0 0 0 -1 0
0 0 1 0 1 0 0 0 0 1 0 0
0 1 0 0 1 0 0 0 0 0 1 0
1 0 0 0 0 1 0 1/2 0 0 1 1/2
1 0 0 1/2 0 1 0 0 0 0 1 1/2
_217_ 6
1 0 0 0 0 1 0 0 0 0 1 0
-1 0 0 0 0 -1 0 0 0 0 1 0
-1 0 0 0 0 1 0 0 0 0 -1 0
0 0 1 0 1 0 0 0 0 1 0 0
0 1 0 0 1 0 0 0 0 0 1 0
1 0 0 1/2 0 1 0 1/2 0 0 1 1/2
_218_ 5
1 0 0 0 0 1 0 0 0 0 1 0
-1 0 0 0 0 -1 0 0 0 0 1 0
-1 0 0 0 0 1 0 0 0 0 -1 0
0 0 1 0 1 0 0 0 0 1 0 0
0 1 0 1/2 1 0 0 1/2 0 0 1 1/2
_219_ 7
1 0 0 0 0 1 0 0 0 0 1 0
-1 0 0 0 0 -1 0 0 0 0 1 0
-1 0 0 0 0 1 0 0 0 0 -1 0
0 0 1 0 1 0 0 0 0 1 0 0
0 1 0 1/2 1 0 0 1/2 0 0 1 1/2
1 0 0 0 0 1 0 1/2 0 0 1 1/2
1 0 0 1/2 0 1 0 0 0 0 1 1/2
_220_ 6
1 0 0 0 0 1 0 0 0 0 1 0
-1 0 0 1/2 0 -1 0 0 0 0 1 1/2
-1 0 0 0 0 1 0 1/2 0 0 -1 1/2
0 0 1 0 1 0 0 0 0 1 0 0
0 1 0 1/4 1 0 0 1/4 0 0 1 1/4
1 0 0 1/2 0 1 0 1/2 0 0 1 1/2
_221_ 6
1 0 0 0 0 1 0 0 0 0 1 0
-1 0 0 0 0 -1 0 0 0 0 1 0
-1 0 0 0 0 1 0 0 0 0 -1 0
0 0 1 0 1 0 0 0 0 1 0 0
0 1 0 0 1 0 0 0 0 0 -1 0
-1 0 0 0 0 -1 0 0 0 0 -1 0
_222_ 6
1 0 0 0 0 1 0 0 0 0 1 0
-1 0 0 1/2 0 -1 0 1/2 0 0 1 0
-1 0 0 1/2 0 1 0 0 0 0 -1 1/2
0 0 1 0 1 0 0 0 0 1 0 0
0 1 0 0 1 0 0 0 0 0 -1 1/2
-1 0 0 0 0 -1 0 0 0 0 -1 0
_223_ 6
1 0 0 0 0 1 0 0 0 0 1 0
-1 0 0 0 0 -1 0 0 0 0 1 0
-1 0 0 0 0 1 0 0 0 0 -1 0
0 0 1 0 1 0 0 0 0 1 0 0
0 1 0 1/2 1 0 0 1/2 0 0 -1 1/2
-1 0 0 0 0 -1 0 0 0 0 -1 0
_224_ 6
1 0 0 0 0 1 0 0 0 0 1 0
-1 0 0 1/2 0 -1 0 1/2 0 0 1 0
-1 0 0 1/2 0 1 0 0 0 0 -1 1/2
0 0 1 0 1 0 0 0 0 1 0 0
0 1 0 1/2 1 0 0 1/2 0 0 -1 0
-1 0 0 0 0 -1 0 0 0 0 -1 0
_225_ 8
1 0 0 0 0 1 0 0 0 0 1 0
-1 0 0 0 0 -1 0 0 0 0 1 0
-1 0 0 0 0 1 0 0 0 0 -1 0
0 0 1 0 1 0 0 0 0 1 0 0
0 1 0 0 1 0 0 0 0 0 -1 0
-1 0 0 0 0 -1 0 0 0 0 -1 0
1 0 0 0 0 1 0 1/2 0 0 1 1/2
1 0 0 1/2 0 1 0 0 0 0 1 1/2
_226_ 8
1 0 0 0 0 1 0 0 0 0 1 0
-1 0 0 0 0 -1 0 0 0 0 1 0
-1 0 0 0 0 1 0 0 0 0 -1 0
0 0 1 0 1 0 0 0 0 1 0 0
0 1 0 1/2 1 0 0 1/2 0 0 -1 1/2
-1 0 0 0 0 -1 0 0 0 0 -1 0
1 0 0 0 0 1 0 1/2 0 0 1 1/2
1 0 0 1/2 0 1 0 0 0 0 1 1/2
_227_ 8
1 0 0 0 0 1 0 0 0 0 1 0
-1 0 0 3/4 0 -1 0 1/4 0 0 1 1/2
-1 0 0 1/4 0 1 0 1/2 0 0 -1 3/4
0 0 1 0 1 0 0 0 0 1 0 0
0 1 0 3/4 1 0 0 1/4 0 0 -1 1/2
-1 0 0 0 0 -1 0 0 0 0 -1 0
1 0 0 0 0 1 0 1/2 0 0 1 1/2
1 0 0 1/2 0 1 0 0 0 0 1 1/2
_228_ 8
1 0 0 0 0 1 0 0 0 0 1 0
-1 0 0 1/4 0 -1 0 3/4 0 0 1 1/2
-1 0 0 3/4 0 1 0 1/2 0 0 -1 1/4
0 0 1 0 1 0 0 0 0 1 0 0
0 1 0 3/4 1 0 0 1/4 0 0 -1 0
-1 0 0 0 0 -1 0 0 0 0 -1 0
1 0 0 0 0 1 0 1/2 0 0 1 1/2
1 0 0 1/2 0 1 0 0 0 0 1 1/2
_229_ 7
1 0 0 0 0 1 0 0 0 0 1 0
-1 0 0 0 0 -1 0 0 0 0 1 0
-1 0 0 0 0 1 0 0 0 0 -1 0
0 0 1 0 1 0 0 0 0 1 0 0
0 1 0 0 1 0 0 0 0 0 -1 0
-1 0 0 0 0 -1 0 0 0 0 -1 0
1 0 0 1/2 0 1 0 1/2 0 0 1 1/2
_230_ 7
1 0 0 0 0 1 0 0 0 0 1 0
-1 0 0 1/2 0 -1 0 0 0 0 1 1/2
-1 0 0 0 0 1 0 1/2 0 0 -1 1/2
0 0 1 0 1 0 0 0 0 1 0 0
0 1 0 3/4 1 0 0 1/4 0 0 -1 1/4
-1 0 0 0 0 -1 0 0 0 0 -1 0
1 0 0 1/2 0 1 0 1/2 0 0 1 1/2
