###HoppingTerms###

0 0 0 1 1 0 0 

0 0 0 2 2 0 0 

-1 -1 0 1 2 0 0 
-1 0 -1 1 2 0 0 
-1 0 0 1 2 0 0 
0 -1 -1 1 2 0 0 
0 -1 0 1 2 0 0 
0 0 -1 1 2 0 0 
0 0 1 2 1 0 0 
0 1 0 2 1 0 0 
0 1 1 2 1 0 0 
1 0 0 2 1 0 0 
1 0 1 2 1 0 0 
1 1 0 2 1 0 0 

-1 0 0 1 1 0 0 
-1 0 1 1 1 0 0 
-1 1 0 1 1 0 0 
0 -1 0 1 1 0 0 
0 -1 1 1 1 0 0 
0 0 -1 1 1 0 0 
0 0 1 1 1 0 0 
0 1 -1 1 1 0 0 
0 1 0 1 1 0 0 
1 -1 0 1 1 0 0 
1 0 -1 1 1 0 0 
1 0 0 1 1 0 0 

-1 0 0 2 2 0 0 
-1 0 1 2 2 0 0 
-1 1 0 2 2 0 0 
0 -1 0 2 2 0 0 
0 -1 1 2 2 0 0 
0 0 -1 2 2 0 0 
0 0 1 2 2 0 0 
0 1 -1 2 2 0 0 
0 1 0 2 2 0 0 
1 -1 0 2 2 0 0 
1 0 -1 2 2 0 0 
1 0 0 2 2 0 0 

-1 -1 1 1 1 0 0 
-1 1 -1 1 1 0 0 
-1 1 1 1 1 0 0 
1 -1 -1 1 1 0 0 
1 -1 1 1 1 0 0 
1 1 -1 1 1 0 0 

-1 -1 1 2 2 0 0 
-1 1 -1 2 2 0 0 
-1 1 1 2 2 0 0 
1 -1 -1 2 2 0 0 
1 -1 1 2 2 0 0 
1 1 -1 2 2 0 0 

###HoppingRelations###

[ 0 ]
[ ]

[ 0 ]
[ ]

[ 11 ]
[ 0 1 2 3 4 5 6 7 8 9 10 ]
11 1.000000 
11 1.000000 
11 1.000000 
11 1.000000 
11 1.000000 
11 1.000000 
11 1.000000 
11 1.000000 
11 1.000000 
11 1.000000 
11 1.000000 

[ 11 ]
[ 0 1 2 3 4 5 6 7 8 9 10 ]
11 1.000000 
11 1.000000 
11 1.000000 
11 1.000000 
11 1.000000 
11 1.000000 
11 1.000000 
11 1.000000 
11 1.000000 
11 1.000000 
11 1.000000 

[ 11 ]
[ 0 1 2 3 4 5 6 7 8 9 10 ]
11 1.000000 
11 1.000000 
11 1.000000 
11 1.000000 
11 1.000000 
11 1.000000 
11 1.000000 
11 1.000000 
11 1.000000 
11 1.000000 
11 1.000000 

[ 5 ]
[ 0 1 2 3 4 ]
5 1.000000 
5 1.000000 
5 1.000000 
5 1.000000 
5 1.000000 

[ 5 ]
[ 0 1 2 3 4 ]
5 1.000000 
5 1.000000 
5 1.000000 
5 1.000000 
5 1.000000 

