###HoppingTerms###

0 0 0 3 3 0 0 
0 0 0 4 4 0 0 
0 0 0 5 5 0 0 

0 0 0 2 2 0 0 

0 0 0 1 1 0 0 

0 0 0 2 3 0 0 
0 0 0 2 4 0 0 
0 0 0 2 5 0 0 
0 0 1 2 5 0 0 
0 1 0 2 4 0 0 
1 0 0 2 3 0 0 
-1 0 0 3 2 0 0 
0 -1 0 4 2 0 0 
0 0 -1 5 2 0 0 
0 0 0 3 2 0 0 
0 0 0 4 2 0 0 
0 0 0 5 2 0 0 

-1 -1 0 1 5 0 0 
-1 0 -1 1 4 0 0 
-1 0 0 1 4 0 0 
-1 0 0 1 5 0 0 
0 -1 -1 1 3 0 0 
0 -1 0 1 3 0 0 
0 -1 0 1 5 0 0 
0 0 -1 1 3 0 0 
0 0 -1 1 4 0 0 
0 0 0 1 3 0 0 
0 0 0 1 4 0 0 
0 0 0 1 5 0 0 
0 0 0 3 1 0 0 
0 0 0 4 1 0 0 
0 0 0 5 1 0 0 
0 0 1 3 1 0 0 
0 0 1 4 1 0 0 
0 1 0 3 1 0 0 
0 1 0 5 1 0 0 
0 1 1 3 1 0 0 
1 0 0 4 1 0 0 
1 0 0 5 1 0 0 
1 0 1 4 1 0 0 
1 1 0 5 1 0 0 

-1 0 0 3 4 0 0 
-1 0 0 3 5 0 0 
-1 0 1 3 5 0 0 
-1 1 0 3 4 0 0 
0 -1 0 4 3 0 0 
0 -1 0 4 5 0 0 
0 -1 1 4 5 0 0 
0 0 -1 5 3 0 0 
0 0 -1 5 4 0 0 
0 0 0 4 3 0 0 
0 0 0 5 3 0 0 
0 0 0 3 4 0 0 
0 0 0 5 4 0 0 
0 0 0 3 5 0 0 
0 0 0 4 5 0 0 
0 0 1 3 5 0 0 
0 0 1 4 5 0 0 
0 1 -1 5 4 0 0 
0 1 0 3 4 0 0 
0 1 0 5 4 0 0 
1 -1 0 4 3 0 0 
1 0 -1 5 3 0 0 
1 0 0 4 3 0 0 
1 0 0 5 3 0 0 

-1 -1 -1 1 2 0 0 
-1 -1 0 1 2 0 0 
-1 0 -1 1 2 0 0 
-1 0 0 1 2 0 0 
0 -1 -1 1 2 0 0 
0 -1 0 1 2 0 0 
0 0 -1 1 2 0 0 
0 0 0 1 2 0 0 
0 0 0 2 1 0 0 
0 0 1 2 1 0 0 
0 1 0 2 1 0 0 
0 1 1 2 1 0 0 
1 0 0 2 1 0 0 
1 0 1 2 1 0 0 
1 1 0 2 1 0 0 
1 1 1 2 1 0 0 

-1 0 0 4 4 0 0 
-1 0 0 5 5 0 0 
0 -1 0 3 3 0 0 
0 -1 0 5 5 0 0 
0 0 -1 3 3 0 0 
0 0 -1 4 4 0 0 
0 0 1 3 3 0 0 
0 0 1 4 4 0 0 
0 1 0 3 3 0 0 
0 1 0 5 5 0 0 
1 0 0 4 4 0 0 
1 0 0 5 5 0 0 

-1 0 0 1 1 0 0 
0 -1 0 1 1 0 0 
0 0 -1 1 1 0 0 
0 0 1 1 1 0 0 
0 1 0 1 1 0 0 
1 0 0 1 1 0 0 

-1 0 0 2 2 0 0 
0 -1 0 2 2 0 0 
0 0 -1 2 2 0 0 
0 0 1 2 2 0 0 
0 1 0 2 2 0 0 
1 0 0 2 2 0 0 

-1 0 0 3 3 0 0 
0 -1 0 4 4 0 0 
0 0 -1 5 5 0 0 
0 0 1 5 5 0 0 
0 1 0 4 4 0 0 
1 0 0 3 3 0 0 

-1 -1 0 3 2 0 0 
-1 -1 0 4 2 0 0 
-1 0 -1 3 2 0 0 
-1 0 -1 5 2 0 0 
-1 0 0 4 2 0 0 
-1 0 0 5 2 0 0 
-1 0 1 3 2 0 0 
-1 1 0 3 2 0 0 
0 -1 -1 4 2 0 0 
0 -1 -1 5 2 0 0 
0 -1 0 3 2 0 0 
0 -1 0 5 2 0 0 
0 -1 1 4 2 0 0 
0 0 -1 3 2 0 0 
0 0 -1 4 2 0 0 
0 0 1 3 2 0 0 
0 0 1 4 2 0 0 
0 1 -1 5 2 0 0 
0 1 0 3 2 0 0 
0 1 0 5 2 0 0 
1 -1 0 4 2 0 0 
1 0 -1 5 2 0 0 
1 0 0 4 2 0 0 
1 0 0 5 2 0 0 
-1 0 0 2 4 0 0 
-1 0 0 2 5 0 0 
-1 0 1 2 5 0 0 
-1 1 0 2 4 0 0 
0 -1 0 2 3 0 0 
0 -1 0 2 5 0 0 
0 -1 1 2 5 0 0 
0 0 -1 2 3 0 0 
0 0 -1 2 4 0 0 
0 0 1 2 3 0 0 
0 0 1 2 4 0 0 
0 1 -1 2 4 0 0 
0 1 0 2 3 0 0 
0 1 0 2 5 0 0 
0 1 1 2 4 0 0 
0 1 1 2 5 0 0 
1 -1 0 2 3 0 0 
1 0 -1 2 3 0 0 
1 0 0 2 4 0 0 
1 0 0 2 5 0 0 
1 0 1 2 3 0 0 
1 0 1 2 5 0 0 
1 1 0 2 3 0 0 
1 1 0 2 4 0 0 

-1 -1 -1 1 3 0 0 
-1 -1 -1 1 4 0 0 
-1 -1 -1 1 5 0 0 
-1 -1 0 1 3 0 0 
-1 -1 0 1 4 0 0 
-1 -1 1 1 5 0 0 
-1 0 -1 1 3 0 0 
-1 0 -1 1 5 0 0 
-1 0 0 1 3 0 0 
-1 0 1 1 5 0 0 
-1 1 -1 1 4 0 0 
-1 1 0 1 4 0 0 
0 -1 -1 1 4 0 0 
0 -1 -1 1 5 0 0 
0 -1 0 1 4 0 0 
0 -1 1 1 5 0 0 
0 0 -1 1 5 0 0 
0 0 1 1 5 0 0 
0 1 -1 1 4 0 0 
0 1 0 1 4 0 0 
1 -1 -1 1 3 0 0 
1 -1 0 1 3 0 0 
1 0 -1 1 3 0 0 
1 0 0 1 3 0 0 
-1 0 0 3 1 0 0 
-1 0 1 3 1 0 0 
-1 1 0 3 1 0 0 
-1 1 1 3 1 0 0 
0 -1 0 4 1 0 0 
0 -1 1 4 1 0 0 
0 0 -1 5 1 0 0 
0 0 1 5 1 0 0 
0 1 -1 5 1 0 0 
0 1 0 4 1 0 0 
0 1 1 4 1 0 0 
0 1 1 5 1 0 0 
1 -1 0 4 1 0 0 
1 -1 1 4 1 0 0 
1 0 -1 5 1 0 0 
1 0 0 3 1 0 0 
1 0 1 3 1 0 0 
1 0 1 5 1 0 0 
1 1 -1 5 1 0 0 
1 1 0 3 1 0 0 
1 1 0 4 1 0 0 
1 1 1 3 1 0 0 
1 1 1 4 1 0 0 
1 1 1 5 1 0 0 

-1 -1 0 3 5 0 0 
-1 -1 0 4 5 0 0 
-1 -1 1 3 5 0 0 
-1 -1 1 4 5 0 0 
-1 0 -1 3 4 0 0 
-1 0 -1 5 4 0 0 
-1 0 0 5 4 0 0 
-1 0 0 4 5 0 0 
-1 0 1 3 4 0 0 
-1 0 1 4 5 0 0 
-1 1 -1 3 4 0 0 
-1 1 -1 5 4 0 0 
-1 1 0 5 4 0 0 
-1 1 0 3 5 0 0 
-1 1 1 3 4 0 0 
-1 1 1 3 5 0 0 
0 -1 -1 4 3 0 0 
0 -1 -1 5 3 0 0 
0 -1 0 5 3 0 0 
0 -1 0 3 5 0 0 
0 -1 1 4 3 0 0 
0 -1 1 3 5 0 0 
0 0 -1 4 3 0 0 
0 0 -1 3 4 0 0 
0 0 1 4 3 0 0 
0 0 1 3 4 0 0 
0 1 -1 5 3 0 0 
0 1 -1 3 4 0 0 
0 1 0 5 3 0 0 
0 1 0 3 5 0 0 
0 1 1 3 4 0 0 
0 1 1 3 5 0 0 
1 -1 -1 4 3 0 0 
1 -1 -1 5 3 0 0 
1 -1 0 5 3 0 0 
1 -1 0 4 5 0 0 
1 -1 1 4 3 0 0 
1 -1 1 4 5 0 0 
1 0 -1 4 3 0 0 
1 0 -1 5 4 0 0 
1 0 0 5 4 0 0 
1 0 0 4 5 0 0 
1 0 1 4 3 0 0 
1 0 1 4 5 0 0 
1 1 -1 5 3 0 0 
1 1 -1 5 4 0 0 
1 1 0 5 3 0 0 
1 1 0 5 4 0 0 

-1 -1 0 5 5 0 0 
-1 0 -1 4 4 0 0 
-1 0 1 4 4 0 0 
-1 1 0 5 5 0 0 
0 -1 -1 3 3 0 0 
0 -1 1 3 3 0 0 
0 1 -1 3 3 0 0 
0 1 1 3 3 0 0 
1 -1 0 5 5 0 0 
1 0 -1 4 4 0 0 
1 0 1 4 4 0 0 
1 1 0 5 5 0 0 

-1 -1 0 3 3 0 0 
-1 -1 0 4 4 0 0 
-1 0 -1 3 3 0 0 
-1 0 -1 5 5 0 0 
-1 0 1 3 3 0 0 
-1 0 1 5 5 0 0 
-1 1 0 3 3 0 0 
-1 1 0 4 4 0 0 
0 -1 -1 4 4 0 0 
0 -1 -1 5 5 0 0 
0 -1 1 4 4 0 0 
0 -1 1 5 5 0 0 
0 1 -1 4 4 0 0 
0 1 -1 5 5 0 0 
0 1 1 4 4 0 0 
0 1 1 5 5 0 0 
1 -1 0 3 3 0 0 
1 -1 0 4 4 0 0 
1 0 -1 3 3 0 0 
1 0 -1 5 5 0 0 
1 0 1 3 3 0 0 
1 0 1 5 5 0 0 
1 1 0 3 3 0 0 
1 1 0 4 4 0 0 

-1 -1 0 2 2 0 0 
-1 0 -1 2 2 0 0 
-1 0 1 2 2 0 0 
-1 1 0 2 2 0 0 
0 -1 -1 2 2 0 0 
0 -1 1 2 2 0 0 
0 1 -1 2 2 0 0 
0 1 1 2 2 0 0 
1 -1 0 2 2 0 0 
1 0 -1 2 2 0 0 
1 0 1 2 2 0 0 
1 1 0 2 2 0 0 

-1 -1 0 1 1 0 0 
-1 0 -1 1 1 0 0 
-1 0 1 1 1 0 0 
-1 1 0 1 1 0 0 
0 -1 -1 1 1 0 0 
0 -1 1 1 1 0 0 
0 1 -1 1 1 0 0 
0 1 1 1 1 0 0 
1 -1 0 1 1 0 0 
1 0 -1 1 1 0 0 
1 0 1 1 1 0 0 
1 1 0 1 1 0 0 

-1 -1 -1 3 2 0 0 
-1 -1 -1 4 2 0 0 
-1 -1 -1 5 2 0 0 
-1 -1 0 5 2 0 0 
-1 -1 1 3 2 0 0 
-1 -1 1 4 2 0 0 
-1 0 -1 4 2 0 0 
-1 0 1 4 2 0 0 
-1 1 -1 3 2 0 0 
-1 1 -1 5 2 0 0 
-1 1 0 5 2 0 0 
-1 1 1 3 2 0 0 
0 -1 -1 3 2 0 0 
0 -1 1 3 2 0 0 
0 1 -1 3 2 0 0 
0 1 1 3 2 0 0 
1 -1 -1 4 2 0 0 
1 -1 -1 5 2 0 0 
1 -1 0 5 2 0 0 
1 -1 1 4 2 0 0 
1 0 -1 4 2 0 0 
1 0 1 4 2 0 0 
1 1 -1 5 2 0 0 
1 1 0 5 2 0 0 
-1 -1 0 2 5 0 0 
-1 -1 1 2 5 0 0 
-1 0 -1 2 4 0 0 
-1 0 1 2 4 0 0 
-1 1 -1 2 4 0 0 
-1 1 0 2 5 0 0 
-1 1 1 2 4 0 0 
-1 1 1 2 5 0 0 
0 -1 -1 2 3 0 0 
0 -1 1 2 3 0 0 
0 1 -1 2 3 0 0 
0 1 1 2 3 0 0 
1 -1 -1 2 3 0 0 
1 -1 0 2 5 0 0 
1 -1 1 2 3 0 0 
1 -1 1 2 5 0 0 
1 0 -1 2 4 0 0 
1 0 1 2 4 0 0 
1 1 -1 2 3 0 0 
1 1 -1 2 4 0 0 
1 1 0 2 5 0 0 
1 1 1 2 3 0 0 
1 1 1 2 4 0 0 
1 1 1 2 5 0 0 

-1 -1 -1 3 3 0 0 
-1 -1 -1 4 4 0 0 
-1 -1 -1 5 5 0 0 
-1 -1 1 3 3 0 0 
-1 -1 1 4 4 0 0 
-1 -1 1 5 5 0 0 
-1 1 -1 3 3 0 0 
-1 1 -1 4 4 0 0 
-1 1 -1 5 5 0 0 
-1 1 1 3 3 0 0 
-1 1 1 4 4 0 0 
-1 1 1 5 5 0 0 
1 -1 -1 3 3 0 0 
1 -1 -1 4 4 0 0 
1 -1 -1 5 5 0 0 
1 -1 1 3 3 0 0 
1 -1 1 4 4 0 0 
1 -1 1 5 5 0 0 
1 1 -1 3 3 0 0 
1 1 -1 4 4 0 0 
1 1 -1 5 5 0 0 
1 1 1 3 3 0 0 
1 1 1 4 4 0 0 
1 1 1 5 5 0 0 

-1 -1 -1 2 2 0 0 
-1 -1 1 2 2 0 0 
-1 1 -1 2 2 0 0 
-1 1 1 2 2 0 0 
1 -1 -1 2 2 0 0 
1 -1 1 2 2 0 0 
1 1 -1 2 2 0 0 
1 1 1 2 2 0 0 

-1 -1 -1 1 1 0 0 
-1 -1 1 1 1 0 0 
-1 1 -1 1 1 0 0 
-1 1 1 1 1 0 0 
1 -1 -1 1 1 0 0 
1 -1 1 1 1 0 0 
1 1 -1 1 1 0 0 
1 1 1 1 1 0 0 

###HoppingRelations###

[ 2 ]
[ 0 1 ]
2 1.000000 
2 1.000000 

[ 0 ]
[ ]

[ 0 ]
[ ]

[ 11 ]
[ 0 1 2 3 4 5 6 7 8 9 10 ]
11 1.000000 
11 1.000000 
11 1.000000 
11 1.000000 
11 1.000000 
11 1.000000 
11 1.000000 
11 1.000000 
11 1.000000 
11 1.000000 
11 1.000000 

[ 23 ]
[ 0 1 2 3 4 5 6 7 8 9 10 11 12 13 14 15 16 17 18 19 20 21 22 ]
23 1.000000 
23 1.000000 
23 1.000000 
23 1.000000 
23 1.000000 
23 1.000000 
23 1.000000 
23 1.000000 
23 1.000000 
23 1.000000 
23 1.000000 
23 1.000000 
23 1.000000 
23 1.000000 
23 1.000000 
23 1.000000 
23 1.000000 
23 1.000000 
23 1.000000 
23 1.000000 
23 1.000000 
23 1.000000 
23 1.000000 

[ 23 ]
[ 0 1 2 3 4 5 6 7 8 9 10 11 12 13 14 15 16 17 18 19 20 21 22 ]
23 1.000000 
23 1.000000 
23 1.000000 
23 1.000000 
23 1.000000 
23 1.000000 
23 1.000000 
23 1.000000 
23 1.000000 
23 1.000000 
23 1.000000 
23 1.000000 
23 1.000000 
23 1.000000 
23 1.000000 
23 1.000000 
23 1.000000 
23 1.000000 
23 1.000000 
23 1.000000 
23 1.000000 
23 1.000000 
23 1.000000 

[ 15 ]
[ 0 1 2 3 4 5 6 7 8 9 10 11 12 13 14 ]
15 1.000000 
15 1.000000 
15 1.000000 
15 1.000000 
15 1.000000 
15 1.000000 
15 1.000000 
15 1.000000 
15 1.000000 
15 1.000000 
15 1.000000 
15 1.000000 
15 1.000000 
15 1.000000 
15 1.000000 

[ 11 ]
[ 0 1 2 3 4 5 6 7 8 9 10 ]
11 1.000000 
11 1.000000 
11 1.000000 
11 1.000000 
11 1.000000 
11 1.000000 
11 1.000000 
11 1.000000 
11 1.000000 
11 1.000000 
11 1.000000 

[ 5 ]
[ 0 1 2 3 4 ]
5 1.000000 
5 1.000000 
5 1.000000 
5 1.000000 
5 1.000000 

[ 5 ]
[ 0 1 2 3 4 ]
5 1.000000 
5 1.000000 
5 1.000000 
5 1.000000 
5 1.000000 

[ 5 ]
[ 0 1 2 3 4 ]
5 1.000000 
5 1.000000 
5 1.000000 
5 1.000000 
5 1.000000 

[ 47 ]
[ 0 1 2 3 4 5 6 7 8 9 10 11 12 13 14 15 16 17 18 19 20 21 22 23 24 25 26 27 28 29 30 31 32 33 34 35 36 37 38 39 40 41 42 43 44 45 46 ]
47 1.000000 
47 1.000000 
47 1.000000 
47 1.000000 
47 1.000000 
47 1.000000 
47 1.000000 
47 1.000000 
47 1.000000 
47 1.000000 
47 1.000000 
47 1.000000 
47 1.000000 
47 1.000000 
47 1.000000 
47 1.000000 
47 1.000000 
47 1.000000 
47 1.000000 
47 1.000000 
47 1.000000 
47 1.000000 
47 1.000000 
47 1.000000 
47 1.000000 
47 1.000000 
47 1.000000 
47 1.000000 
47 1.000000 
47 1.000000 
47 1.000000 
47 1.000000 
47 1.000000 
47 1.000000 
47 1.000000 
47 1.000000 
47 1.000000 
47 1.000000 
47 1.000000 
47 1.000000 
47 1.000000 
47 1.000000 
47 1.000000 
47 1.000000 
47 1.000000 
47 1.000000 
47 1.000000 

[ 47 ]
[ 0 1 2 3 4 5 6 7 8 9 10 11 12 13 14 15 16 17 18 19 20 21 22 23 24 25 26 27 28 29 30 31 32 33 34 35 36 37 38 39 40 41 42 43 44 45 46 ]
47 1.000000 
47 1.000000 
47 1.000000 
47 1.000000 
47 1.000000 
47 1.000000 
47 1.000000 
47 1.000000 
47 1.000000 
47 1.000000 
47 1.000000 
47 1.000000 
47 1.000000 
47 1.000000 
47 1.000000 
47 1.000000 
47 1.000000 
47 1.000000 
47 1.000000 
47 1.000000 
47 1.000000 
47 1.000000 
47 1.000000 
47 1.000000 
47 1.000000 
47 1.000000 
47 1.000000 
47 1.000000 
47 1.000000 
47 1.000000 
47 1.000000 
47 1.000000 
47 1.000000 
47 1.000000 
47 1.000000 
47 1.000000 
47 1.000000 
47 1.000000 
47 1.000000 
47 1.000000 
47 1.000000 
47 1.000000 
47 1.000000 
47 1.000000 
47 1.000000 
47 1.000000 
47 1.000000 

[ 47 ]
[ 0 1 2 3 4 5 6 7 8 9 10 11 12 13 14 15 16 17 18 19 20 21 22 23 24 25 26 27 28 29 30 31 32 33 34 35 36 37 38 39 40 41 42 43 44 45 46 ]
47 1.000000 
47 1.000000 
47 1.000000 
47 1.000000 
47 1.000000 
47 1.000000 
47 1.000000 
47 1.000000 
47 1.000000 
47 1.000000 
47 1.000000 
47 1.000000 
47 1.000000 
47 1.000000 
47 1.000000 
47 1.000000 
47 1.000000 
47 1.000000 
47 1.000000 
47 1.000000 
47 1.000000 
47 1.000000 
47 1.000000 
47 1.000000 
47 1.000000 
47 1.000000 
47 1.000000 
47 1.000000 
47 1.000000 
47 1.000000 
47 1.000000 
47 1.000000 
47 1.000000 
47 1.000000 
47 1.000000 
47 1.000000 
47 1.000000 
47 1.000000 
47 1.000000 
47 1.000000 
47 1.000000 
47 1.000000 
47 1.000000 
47 1.000000 
47 1.000000 
47 1.000000 
47 1.000000 

[ 11 ]
[ 0 1 2 3 4 5 6 7 8 9 10 ]
11 1.000000 
11 1.000000 
11 1.000000 
11 1.000000 
11 1.000000 
11 1.000000 
11 1.000000 
11 1.000000 
11 1.000000 
11 1.000000 
11 1.000000 

[ 23 ]
[ 0 1 2 3 4 5 6 7 8 9 10 11 12 13 14 15 16 17 18 19 20 21 22 ]
23 1.000000 
23 1.000000 
23 1.000000 
23 1.000000 
23 1.000000 
23 1.000000 
23 1.000000 
23 1.000000 
23 1.000000 
23 1.000000 
23 1.000000 
23 1.000000 
23 1.000000 
23 1.000000 
23 1.000000 
23 1.000000 
23 1.000000 
23 1.000000 
23 1.000000 
23 1.000000 
23 1.000000 
23 1.000000 
23 1.000000 

[ 11 ]
[ 0 1 2 3 4 5 6 7 8 9 10 ]
11 1.000000 
11 1.000000 
11 1.000000 
11 1.000000 
11 1.000000 
11 1.000000 
11 1.000000 
11 1.000000 
11 1.000000 
11 1.000000 
11 1.000000 

[ 11 ]
[ 0 1 2 3 4 5 6 7 8 9 10 ]
11 1.000000 
11 1.000000 
11 1.000000 
11 1.000000 
11 1.000000 
11 1.000000 
11 1.000000 
11 1.000000 
11 1.000000 
11 1.000000 
11 1.000000 

[ 47 ]
[ 0 1 2 3 4 5 6 7 8 9 10 11 12 13 14 15 16 17 18 19 20 21 22 23 24 25 26 27 28 29 30 31 32 33 34 35 36 37 38 39 40 41 42 43 44 45 46 ]
47 1.000000 
47 1.000000 
47 1.000000 
47 1.000000 
47 1.000000 
47 1.000000 
47 1.000000 
47 1.000000 
47 1.000000 
47 1.000000 
47 1.000000 
47 1.000000 
47 1.000000 
47 1.000000 
47 1.000000 
47 1.000000 
47 1.000000 
47 1.000000 
47 1.000000 
47 1.000000 
47 1.000000 
47 1.000000 
47 1.000000 
47 1.000000 
47 1.000000 
47 1.000000 
47 1.000000 
47 1.000000 
47 1.000000 
47 1.000000 
47 1.000000 
47 1.000000 
47 1.000000 
47 1.000000 
47 1.000000 
47 1.000000 
47 1.000000 
47 1.000000 
47 1.000000 
47 1.000000 
47 1.000000 
47 1.000000 
47 1.000000 
47 1.000000 
47 1.000000 
47 1.000000 
47 1.000000 

[ 23 ]
[ 0 1 2 3 4 5 6 7 8 9 10 11 12 13 14 15 16 17 18 19 20 21 22 ]
23 1.000000 
23 1.000000 
23 1.000000 
23 1.000000 
23 1.000000 
23 1.000000 
23 1.000000 
23 1.000000 
23 1.000000 
23 1.000000 
23 1.000000 
23 1.000000 
23 1.000000 
23 1.000000 
23 1.000000 
23 1.000000 
23 1.000000 
23 1.000000 
23 1.000000 
23 1.000000 
23 1.000000 
23 1.000000 
23 1.000000 

[ 7 ]
[ 0 1 2 3 4 5 6 ]
7 1.000000 
7 1.000000 
7 1.000000 
7 1.000000 
7 1.000000 
7 1.000000 
7 1.000000 

[ 7 ]
[ 0 1 2 3 4 5 6 ]
7 1.000000 
7 1.000000 
7 1.000000 
7 1.000000 
7 1.000000 
7 1.000000 
7 1.000000 

