###HoppingTerms###

0 0 0 1 1 0 0 
0 0 0 1 1 0 3 
0 0 0 1 1 3 0 
0 0 0 1 1 3 3 

0 0 0 2 2 1 1 
0 0 0 2 2 1 2 
0 0 0 2 2 2 1 
0 0 0 2 2 2 2 

-1 0 0 1 2 0 1 
-1 0 0 1 2 0 2 
-1 0 0 1 2 3 1 
-1 0 0 1 2 3 2 
0 0 0 1 2 0 1 
0 0 0 1 2 0 2 
0 0 0 1 2 3 1 
0 0 0 1 2 3 2 
0 1 0 1 2 0 1 
0 1 0 1 2 0 2 
0 1 0 1 2 3 1 
0 1 0 1 2 3 2 
0 -1 0 2 1 1 0 
0 -1 0 2 1 1 3 
0 -1 0 2 1 2 0 
0 -1 0 2 1 2 3 
0 0 0 2 1 1 0 
0 0 0 2 1 1 3 
0 0 0 2 1 2 0 
0 0 0 2 1 2 3 
1 0 0 2 1 1 0 
1 0 0 2 1 1 3 
1 0 0 2 1 2 0 
1 0 0 2 1 2 3 

-1 -1 0 1 1 0 0 
-1 -1 0 1 1 0 3 
-1 -1 0 1 1 3 0 
-1 -1 0 1 1 3 3 
-1 0 0 1 1 0 0 
-1 0 0 1 1 0 3 
-1 0 0 1 1 3 0 
-1 0 0 1 1 3 3 
0 -1 0 1 1 0 0 
0 -1 0 1 1 0 3 
0 -1 0 1 1 3 0 
0 -1 0 1 1 3 3 
0 1 0 1 1 0 0 
0 1 0 1 1 0 3 
0 1 0 1 1 3 0 
0 1 0 1 1 3 3 
1 0 0 1 1 0 0 
1 0 0 1 1 0 3 
1 0 0 1 1 3 0 
1 0 0 1 1 3 3 
1 1 0 1 1 0 0 
1 1 0 1 1 0 3 
1 1 0 1 1 3 0 
1 1 0 1 1 3 3 

-1 -1 0 2 2 1 1 
-1 -1 0 2 2 1 2 
-1 -1 0 2 2 2 1 
-1 -1 0 2 2 2 2 
-1 0 0 2 2 1 1 
-1 0 0 2 2 1 2 
-1 0 0 2 2 2 1 
-1 0 0 2 2 2 2 
0 -1 0 2 2 1 1 
0 -1 0 2 2 1 2 
0 -1 0 2 2 2 1 
0 -1 0 2 2 2 2 
0 1 0 2 2 1 1 
0 1 0 2 2 1 2 
0 1 0 2 2 2 1 
0 1 0 2 2 2 2 
1 0 0 2 2 1 1 
1 0 0 2 2 1 2 
1 0 0 2 2 2 1 
1 0 0 2 2 2 2 
1 1 0 2 2 1 1 
1 1 0 2 2 1 2 
1 1 0 2 2 2 1 
1 1 0 2 2 2 2 

-1 -1 0 2 1 1 0 
-1 -1 0 2 1 1 3 
-1 -1 0 2 1 2 0 
-1 -1 0 2 1 2 3 
1 -1 0 2 1 1 0 
1 -1 0 2 1 1 3 
1 -1 0 2 1 2 0 
1 -1 0 2 1 2 3 
1 1 0 2 1 1 0 
1 1 0 2 1 1 3 
1 1 0 2 1 2 0 
1 1 0 2 1 2 3 
-1 -1 0 1 2 0 1 
-1 -1 0 1 2 0 2 
-1 -1 0 1 2 3 1 
-1 -1 0 1 2 3 2 
-1 1 0 1 2 0 1 
-1 1 0 1 2 0 2 
-1 1 0 1 2 3 1 
-1 1 0 1 2 3 2 
1 1 0 1 2 0 1 
1 1 0 1 2 0 2 
1 1 0 1 2 3 1 
1 1 0 1 2 3 2 

###HoppingRelations###

[ 0 3 ]
[ 1 2 ]



[ 3 ]
[ 0 1 2 ]
3 1.000000 



[ ]
[ 0 1 2 3 4 5 6 7 8 9 10 11 12 13 14 15 16 17 18 19 20 21 22 23 ]

























[ 20 23 ]
[ 0 1 2 3 4 5 6 7 8 9 10 11 12 13 14 15 16 17 18 19 21 22 ]
20 1.000000 


23 1.000000 
20 1.000000 


23 1.000000 
20 1.000000 


23 1.000000 
20 1.000000 


23 1.000000 
20 1.000000 


23 1.000000 



[ ]
[ 0 1 2 3 4 5 6 7 8 9 10 11 12 13 14 15 16 17 18 19 20 21 22 23 ]

























[ ]
[ 0 1 2 3 4 5 6 7 8 9 10 11 12 13 14 15 16 17 18 19 20 21 22 23 ]

























